"wallet","balance"
"9Mt2vXRTRDCvDJMBkuGSUmwMrRAnWE6M7wfekMCUVkba","988051359.8504826658707982889150326646053"
"8EvjXrYrMDM5V1Uz5sbjyufswV6VdyL5MmQbz8hDceqv","107735595.180991967778429065279489827414"
"FZ7mG9S362Fg5PQKioj4LYGRx9FpMWMd37EWoN7beAny","6064335162.233518409235340695802224083208"
"8yos4edJoywX2PgwJnp4wgqvfE894XrgsN2fVwDhkPWC","3002658228.112747312752744210916407365632"
"CHgSBKkJ2xx5hh6RBQFA2AtD6nWfJ2Zxm9kjMmp84KTS","40514475035.82714217410843242765903740095"
"8nt7DiJPgMb8a66pibLpJzo1Dty2mCiqHCeeAaBWQPPS","1793202981.022171717924978160698157218278"
"8ZjYGaxDtcwqtPvgtzLEq6paL3DJYrLSm7DaWyBwe74R","200000480.5642986156569768523823323001395"
"BWt3HhD3ztcDA6RjczfjMwh4M4K2N34eVNeeUHsY9SYV","1000002473.821671133629588631332402885603"
"9MjruWb5UVnYPpZacsPN91ZzS5KJyVhG1JGoEd9kCHz5","7506332749.497371480044947256920313819207"
"TK3chE5QDzPyjUVNK5Vx45XAbDoArBEFmGM2sqn8zBb","520001253.0671854288664628546435663604425"
"5oVH5CCP8yF9aAgeaSi7EE2YKGcWcbeaTYvk3jtmQpVh","2661546908.668504358000688767183601392174"
"A96xqmgsL5YfaXNouKyHYMnsr2uqsPDAKuyaPJBsQiU7","21703449434.24618378056102109416876511512"
"2GaZPtksZ9GtHTQMkWGLkKFYag4nWrCWWNCTd7eiL2cy","989679980.9347638113129956536977377512076"
"3C7zz21PNj2ypFZSfod34NYBVrwSpUQFEW4EYBGSKcvy","504345354.80508161354245813578726283762"
"DJwwysqn7Ew8f5cQNuNhuDLBZ9F4ZXQQQ83JUdqgzs84","2081888538.992279165723080997358135590569"
"2Knz5oKP4VsjF9PkA7WCyZWZsBig6zZMcp9FH6aRLwjP","53539906088.20460286456540111722659105322"
"3yTpoe5RzBPMGyb6ga1LZomFQU9VV1rLXF82M3eqHiVZ","4052866263.840703136708500073075182647132"
"6g9iuDmu33YHV19hANnqJfvVQYLgXNiS5wrLkomcWsoT","9850756.703880026061442150966535436604312"
"ChboHWjHiduYL3J8HgeWpgJN7GrByDEk79UrVKUN1GX","1119449335.372358044359640539641108771983"
"vb1t6kFF5H1EWNyKDLspZvU2UNJb7SYMQxugaR2ci3S","2206894170.483335311769777184014697723311"
"Ff8osa9vjU147HYJUEDHsPH8WqyuXD1XL4N4Rrh1DwAi","1044321321.965163998380167626822299455325"
"6zJMYhyYkWPdSfEF56XRhEUvfmWVyx6EGD5u6QjhRKsT","7834062634.383445875890049586875813876931"
"AvNAxR4cpjatSaxNVDLEyG1FqVsEmFZ4QU6N77Qjxvfh","807892989.046533809999459584642612818203"
"C5RhFpsbsgvFpNJPLTbywMjfgejeHLg17e4VH7h7JgNx","2700007559.120718442381169645673097233948"
"2ionuQZs9MbY2cKd9Y5Ss7PpcccgvgXRHDXs1PcP3rYw","34799929.27180088686750072439038849917255"
"4vEdqiS6PWiSXxDhbwV4oga8toCd5s2rbaNXKFQfbpNA","2530006291.788910776357255551049470575641"
"9foaU2xYTeA172RMyXS4Wj8KpiReM35HrcHtFkx4BuwE","2958301794.874997967287887403052356546827"
"Hb9M1aLMcGrjpEruPeH8wD1h9orsi5seHnggnNahXzgs","2698775669.031365422355373411745739100624"
"63zRKjXFA8bTxMaD2NMB4suNTiyKuJ7VVu3QDw64WEZP","1012181204.363679958293023340953590947746"
"HEtHjkWHJnEt7iWPr39xwJsf9XG22zS9A5DAK9tVviWn","1690690365.939450025703538396001327916977"
"BMQC6GP4t6Zk3q1FbF8g2cms8CuZuGu4RJeQHg8buXJx","39514220873.37428239825414899678356854107"
"JCZY2cgEvEDZTukyRnFGprRHzEYCx2EZNp5h8yGbmuXR","27249734200.30490585004551151549886264455"
"6o1F2K8jN4bQHWrdts5Mq9eqhKya1vUEaz3QigcKpMPx","20104458530.27206280958907320901062704814"
"2NJM5ec8De4WDsiiDSKbxHfV6M45CLiRrvNfyh4Ec8sA","350000848.7375420130183215883312047045825"
"5kPhqLPFVaX9K57H3BcZBD3DPGLYn7bebptxmsj31f1e","5002082112.298889654594874933372331501052"
"41FsnhebHhrpAw7YmyaSE8zxd9MUHsD3i2YkrUCoJXLo","140375823.0366602386368055573109203611996"
"9KmzNB4j29XBpLnCnSpb1BZabZ9aUpybZzDxzmvorM1U","11000027374.03878873705001167488403884522"
"GdXdGtkQwAkywJMpjVQPMzquS2koDD1YpAxtoMrF5hVW","9876548679.561541606363522950808021216221"
"HFjZ3PGj48pwPzmwhWzFbQ38jeYjasajzuD6PbxSBHJV","10000009842.17935482341255832893862505945"
"6e3sFT83WaMg9SmKJoxKERfwoM46qtkxDwmVcxTKF6MQ","118382451.8813438784660555417865187956676"
"EaETmZChx2EzAPZP7Rpe6hciadk9TRgUhnpZzoSmZTCT","1653219618.969731205804747573305038549121"
"7sURGLjCYdqfJg5V95yfEAJr8x2vyVBPA64YhvFiU8gu","276346108.0250440182678857477129503006096"
"CjLP715W7fZL5SpHUeYnkE1WBukuk3ie6TuXke9eeB9z","119104311.6916350758971358420334853497466"
"3CDfMtsr2h7d9afrRUGh3u9wSsvHofxeoEMnot5ER4yL","5187168928.46247001282381219219018565035"
"HDhR8hrprNqSqJNcEmswxJysU3Np26kReYouoqCSwq88","6200015384.494478394561649014104428831778"
"3dfQpLQujQLgL6pYChJZiWHfVVTcuc4iByHQUpuFUFp3","109341703.2088145220188029262713385987411"
"3eSCY4SQacn7FSU5H1Ry4pA6yhg9iWf2pQBiksVREi2A","5430924213.755744694108242169445340928042"
"CXV5wMCgkYZyUS5MLdLKAgRUNC9XMnERriF7YziRq3Ue","5130010312.119207860846452791174845911466"
"79nBgvQX8EdGxJbWmnVArrihTCZwSdsqLoyUzUHRJxuw","100000228.7821204678782898311441446581484"
"G8NAssP42Htdap2oGMFVb512QoMZstpsQPCcLbhjk1rn","50398789092.86281751910340208705127283445"
"Hbx5ACSeDjZoPAB3K2gcoiBhNfeaHkJBu5h7NP3CHajt","9890538008.644197456233479448849308745318"
"n3HuUZDeUUNHLkZHAiiFBz8ZJHaAm1UjpGpuLys1s9v","300000493.345877394035884376556334153504"
"7wZV3RDarUauXUe7kRWY4dCzqYGvkBmEZMyyFfMUJiZp","5042223865.967000385836915372973396691778"
"3dBmJeJhzmRSaZGhtjwBGagqGN2QfHHDPVarei7hCtEb","27506239128.57193238276121071455668201202"
"CqNCMS9jhphPPnnDTRpdqr3pWU6pBJKrXRSME7rGXyd4","2000004948.643344775080933662234111987895"
"4duLtEgDkq9mWrVfpr479jJU16rz3tqpFZnugje12NaX","110000265.8603681257350596881427074009444"
"BpVTsApRGJpMz8CeTjW7YmnWGt84F88j5b5H7VUmWvPv","24864073294.50758668890624105996068816279"
"EdGhBvYKTWpa7g5BzYmnaovES5Mbj3Rgs2cAY2uAmBEQ","2143272425.931740272145284605158601908763"
"13SpQ6U1jpBZcRqgzxsPVsvJodMSp8jdxpikucAc167W","21604797389.84506095604725900984914219926"
"HzGbGADhYFrok2kSsFBWVE4CsDd1yhAi7JQU8VEvu3Sm","5308334719.32391443617299377018741335677"
"5g6nUDMZv7P3BicEoyfXwfHWJkpwT2o91ny68vrMJ3Cu","38970531623.90197319656534158934536919999"
"5nn4KaejvFPNvrHww7aUV8ooWDhJ7ST5e2vxijjKwQpE","87994755.67460931726337530081014144989615"
"86HeYzPBcA87RgynwW9Vh8o8DSXcX9v5qDLtUtNCaVqh","37246185343.55970046717648655009721938762"
"5DXWfwXfQedYXfdCLchkkr54tspComERqtVXSsY8GjDL","1080000047.44082359784107146010007678433"
"7WCXpLjnrv1cj7rw8k7gEYyMDL14oWnXQWiEYkMG7r9m","95774340.18437167958799069052777616515047"
"7xyBo5HQqrzxuHjud7SCD4M57EonpEF1DKUFRGssNEDb","544359282640.6287447679843522416949977198"
"AjuEUL2woQmCnX1LuvqARsCCWFLqAMWDv6Ya688J6PZf","290588800.7430891118045063238852167577521"
"2hhgVzEwYEJ1kuDkWN9Ua7hydDQA9X5vdArMVYqcVyZM","5153440315.87733368309175965952002291153"
"GTZrxi3qKPZtjpuuqkJ7KEecBxZV95dxsP2BquNQVJ6k","1000000120.815770229036780444754875016823"
"AqcpPuxGoCSv1S2D2jtkuYybG5g2vRUBXjaH8qDEaRfS","691198056.3971767627840232406363496469196"
"G6zjfHagwpeoT77gzQ7MyfMWU1VPdJyvJodKZnuiR8SQ","3474320700.955192026239358625484873024784"
"5knnno3wXx34zD739jPpa9aJ3i3MHh1T6mTCePvKhVM2","1183552110.130288075643261542297312190163"
"24sVxjP7o31e9ackp4awUppzbu8NqNBRC6CwSpTcMNuy","3000005116.459232871740264886746379189093"
"4RYk9VgwuqDj4S1Cy1asgTkm49LSd9PhS48qZAHxoDDf","1000000899.817723822185015709244417817409"
"GdFBzbtxv5KhE67eFLCgEZJtEcpxt2PWGJhTvsWTnguE","4752063722.298904116843622829613800894388"
"HsHwNhDZ2VDCDTRby69SD1e38W6s4Dff69eV5VYoLUqh","1097559732.477273332206961031884200571329"
"6dLPyVAGmFeHxdB9C2zyoG4spbMh7DTgHG9S96Zj9Ftp","3498543685.701967837052639562704453704085"
"DK7iCr4uSjKQF7qYTnygrrZuAc2hFNaKPrYDV2UKikWC","15002935016.59248868795765416160999823225"
"7v3Vv6Ut2FKxFk9KGbnzEVb8MYWFQ9P8NVSRbVDFYFEw","39037927932.91947938591661049082819886183"
"DadaS67E3x1Dn8rShRK1oCKcgKYTugEQ43erN4SrobNt","2301153352.867970825861934841951032964791"
"FYmoBSEWVCHg98hxQUxCWJFnctaCEVaZEWzjdnFpDuGz","1082838895.560130820600181188929567874473"
"H2zuopRFaJQeMjZxTkfoQrPQoPvBHQCjGjxnmypL4daK","3036915189.022883744013239987818238989396"
"91buwkpXd1RMQTSWT53pwDchokeSt5o5gKUSApwskdgV","4954306670.486897723999890667553421626316"
"DRYdHxFVmmbzwtV7VpPq4PTWzMrWMWAuKAbTrk4LkR3a","207702637.8798878628488427894275274505727"
"3EtaZ79Ukf67aVCrbTf9WXFpVPSnKupbjHjThfZoqsR1","625191910.8659440663091796058837121071109"
"6ghF9SgZPGQYLwBu65uHPAd4LR7kQmZCyd4zDQ3XP4QE","27850069289.83452890257388917295713911778"
"13cJHXTWhbnrC1qAvTUmRD8wxgLMgaVHRvHwTXdrqgnb","18935521764.79436211282648814441653661844"
"F21nsuNL3wrgtMTd5XpyWLSrx8wt8o6XJknSacLz59dn","965384718490.7288733763967435549714466673"
"5Rm6e9fttCkMw7JiKVBLrABVAK8k2yFzu3Te6PbFaX4G","1001761640.233335870260967771195165613462"
"DHC8xynWhYdXKNeaWHnT22mQZPziBQ12c6uSdJAjDVmF","3945242367.939832351298146499730790743581"
"BpM2TWChkodD5Fde4oDBJNziVKpYiE3MqpRGEb5zW4XY","1000001851.820111268497108099223936105161"
"9vNyx7GyQhBhDRXw5svJjtesn1FG5F7x5JAeGLmd8eZT","8500019693.480859201628466340870931464752"
"HgGEWfhLuFukEJpgcc13ZFkstyaq6HF1DmBruwDtbiJV","14311486027.56601919619677419582608242779"
"Cm8nPcncmzVTgCJVEoZLDBzkQg4kAUoxcnbXKCn2BSmy","10150214106.86393304561674964814785544637"
"EJW5oNkVnX2AAfSfy8nYkcmHqqcXgde9x9MTHJzPtTMN","119298687.1790929297973021259293542380171"
"7BgLoDnwqSAWJ4y8UUYaU5aiqNeNUS8wx8oH6F7uMbPD","500000991.9102211504844764211861783540423"
"3wyjfZtfcs4oXD3yNYAxRsRxdUKxm4sm3ombewKAKvKj","12030193475.50527182656934185188745804737"
"83nNYK5WMK87kKdYUtg6RRHNA6DqdSbeBuC8yKxbFc2C","500001095.9104819639471419763940248896789"
"3HzDjMN52pusQ5aDbNxAii1e5YuSpEjCkYXagTgBpM1u","2959561294.033589438186119345955051241623"
"ER9fa6GFowgYrYagKbuXbDc24c3osHBpiJLr9f7AHFPK","13985816155.84607768110883583323141106094"
"2Ucy7GRHBe2iM3n2CDnVMN8mDA3gTnuVDtpz3n49bCK2","25475380828.55407581432311176562916666524"
"FeBMG7rVEZUuWLgxemwwRrXL6JpWAidvuoKP2ATWE3y","135561126.9622909532479016117783281942366"
"Fw3hj3UtFNzcZkQofz12mrtchbvniR2cVhm2YzfaYywX","1292199007.596658010028618116332070534005"
"E2L9wWJGPGL38WaxNCQ8wYH3SRf4MUqqgxGHqUvhYYJV","23290054748.15953042616247576259103708854"
"ReWX32JuhrPeCKjBdh8Rpnm3tTaeNtj3Bvr3Gvhynui","337632108.7190244842431611144050898175318"
"rdSzG9tQW2FRmRpJEzubQxLcyfLM32gUBKXLFnTL1Xt","5000001572.08127871664409700686279283889"
"A4XfjGxsdMTtZGacQuvMAwgArvhBUErZt6QzEA1oaHWg","1777504681.653733752307875303688959873043"
"2o5Qc5CgA33kiKLE8TrvUMhJWhJ8nKjdh5tGU9ycUPi3","1474508723.795784123312606251840701694063"
"2uyWjh1tRymbEJydCQc3UKGDydDqUcTxVrEq6uL51oSe","2232271282.124448399365954647202308163673"
"HZXNTsGaLuC4xqdyjGGWn6G5B2xZAoobLJDMP6dzQ8GA","3047299538.064914888893684724458243627087"
"CEHZr8XBcXYod97f3mqK78nY43VPbdJd6bPs4nfAzvnr","1010000066.893789675113717940946572040937"
"7RkM1JVLURaVYVoavYdjCgGZPqumH1ye1FE6mg88bSN4","9669037696.162287814415683217194147043656"
"HbETuo1m1795WtUyxa8B9W5jGmMRetA5Ev1BEeERLVpi","17787744255.38017104753893914263052679735"
"EYnZT1cLAzSUrn7egfQnjX9Ks6cAWgWJzyD18ApNVoDb","58328665822.53033352850710724222350734034"
"8526uPCepabV5ZkZKBFrw3AAHJ3RHZ9bUpM6bGjHPNoq","1000002298.821232264822218706703814965061"
"44Rw5S7ciXvQZ5fTYGPxMpSvMw9j3qz1W4JUgzZr8odY","2214580634.759569312138464679937434376182"
"GMHnxgox96CR2NSy496CTWp59vciRVJGbQukaaAXWTDr","63274601191.02355063177265496846198001298"
"Bp1jiEpVSUwaPSpex1fQGsYwyEcdmRuU8uedo4o7tizX","4430861959.784155975881087284987304385122"
"EDTALZiHzQ6igKKq1KUYpPremzgzY93GmQt8Wh2pNmvp","52055732318.17066629357231673027685520225"
"3KYgoCeX7rBT8zraekvh3hJKT2MtywV2uJFbJ9GPAFEw","503927963.7583418906388419030654790934389"
"5GKVdrTomse6z6Y1Ld9atpwabqDCg2yQgQYfuLh6PpkJ","5073993750.640008561408734315462888066278"
"Ex8xR9dpuuy1HftYnctCXeDoBsz9CmhxmjENgnx2Ts5v","5824879173.722086695734989442794191990991"
"979Y6Swsydj9aEx6NkeMHsDuzqyJ7a86XkvmJmr42nrt","18391127301.55350691466362766740265372529"
"BewpsuqRXcyARTL6u5sXQ26VgQAc82spGjFd7WEmGxRV","520800845.0724146270659944762013685694311"
"HbETuo1m1795WtUyxa8B9W5jGmMRetA5Ev1BEeERLVpi","2004212029.193926451776869703339156997675"
"A5LT69hkNZmoqd4Wn23YbEc7Qqnf1SFhkYwTbA76uEEP","7200828275.348525896903794604734429582785"
"5FdLdWtfKftifmgattNSYzmVmVNoCXnKJSzE5GPQ2nzv","116202024.4132341487337938359869137379164"
"2YkTbk9ceqeQeNLhudstKLTkCYoMGuPDbXpkoLde3KRs","21000050540.25155777754483786525869506644"
"GSAJ4P2FXtiCrdXQejR183m5sbyhXwPtRyHZqzJ6mo6F","1000002416.821528187789473855881948534341"
"6rcL2C1WPspUcPeV6nmmPT5LfUkuXY1QC7fzG5fWR183","33000341221.76614032041140703232355439076"
"AECxz4vdyRBknag5ATqLFESjPaxMziqmo2su4oo3Uk9C","4000009686.286160399771267015344612254452"
"BaQuXHP5xXkrs977b5bZSWP8B1zbYfKS1mChvn6NwMFF","2798404346.881704716643403267165073029837"
"Fm6rkGvD8YWhvUghZRyWLgXoMdbzTE7W1FFwxPtyPnSY","3937365910.187129771965835632612026732824"
"6Hnz2xrNfEBkt34SC6ZmuaQewN9ZBpyDXMJu5xKBpZe5","15812000908.58044663603816858551416536069"
"7MmVoFAxJqzgCqtRFhV7MfH18E1rDSCxFaVPHwqzXJLk","837450066.1702289873667987671972027511461"
"8HVUMRc8jBuJmkezFtT5ZuMAJT4Cti5WTxLwg3LMj5VQ","1000001055323.113801007244624269381043604"
"F4jgcMciahJsi9DQdEdPy2wnVhYtdfFiSFrMkUfYaVT1","5017699475.464354558536022249013574920417"
"2myXn5vqmCDEkP95xfUpxA3KHqZ9szJru4X57L11sqUS","3200007616.028594779523412469557962983949"
"7jHMzbGTwVGFphwWbXNKnUpBgk4gofRzyghiED3H5hCn","739058972.4235222501855042933348247813655"
"BqzVRVSPg8GYUDwC5HTFKzuv9P2GuzXVNvBgS8w3b3mo","1093732777.879977400662411273304774397067"
"A89gGLE3hMUZ4DTnrAbgbFu3msGeSTy56EzocsYsgY3t","994768285.6952931918268729579656657112607"
"73PkrazEWrzbHiS99W6fq3JmfUTQ7HPsGrmTzfRGrajs","1483241246.695340118893601617947242981216"
"2zYDRGLkECpgMMjF3f7gahHCbMUmEbQYQymp1yWCnCHi","119316149.2228845133075514051545100580915"
"3unmPDVPFs5XFcKazEpTcbYvGJNrGhLR6h3n8hcqsuNQ","1103675802.815249124543328885017311277185"
"7SGU9eBZCLLFK5k1VKF8cdWXMe9RCAX72LXmxgqHX7j6","300000726.3464617165051254762046826419978"
"FDwh26uXwHsTgbnsgze9y8EaBpquVcXCNrC7BhtbDMg3","6092083079.820175316903617070168360364401"
"9WSiuYrx1uXxTgaMfcV95aebv4n2Z68QeCt6wTwLENnG","128609388954.6148533601995010128664620382"
"EecGGACx9fqMhSpZ3yr4kvf2EKPzQ98bQLbWDT3FJUBQ","41711982.60595514868455415345516538408676"
"AjYX22u5KBPGRCGB1kwq78nPYVjpBC8vL9H6sGdNiPXe","2178573663.460729760248184219740560027343"
"DR2wsDXzKbgeJbH3unTQPML46Ahw4ETeyds8vn8JZWtf","230031.5768767464463493270783311446314371"
"HSzLbR21ojyH8VxT2pz4wmr2NfBkWe9ooJaEUNBCnoFq","1375604580.762444449654025544562463961507"
"DzvB37rFTnKmMKJ7qWxDCc7NMf4XCDahAfBvsn8YXQ77","982298536.4234630952595483879879093037711"
"6dduvRdCgcZ96A3WQD5HmkESMRUFk4Fd8CbFLRV3ftgX","3103992293.239883197434740768479476714962"
"JChrQ1tQ8Lj2kPatTDCYugud3GoD6ZLie9fiytcwszRR","15904176717.7403665531436683370964500606"
"4uY7KtHMmLQi8oyzfAgWHrqm326ACGWJk7G2hGsMv5wg","40189770380.52778532780194795339500111126"
"GA6qni5y6K9cJF69AJk6yQufcDiBz8n3sz38aHuryryW","1984391773.488382628655587742847304061284"
"FGNpEF1cwmbXPwpiRKRK7M1daKk3mUAm4VFhM9DS4t1V","500000831.909819899003452490097183683832"
"GHzCU5qoy5p7jYLm6j9DyftnaJwtSJT2KkKTvLcUFqQB","7000017085.751118628581392118817084144109"
"CAWiqGCVmasUAVrXHj4updrmgWYyVXC4oPcu1j9Tf2GF","366356477600.4410519214900527235325173434"
"47zMN2FA1JMxHqm4pS2gHRknoZZ3uFDBwPopSeCiYgtu","3933379343.189555394238837817928742423541"
"51tXKvXxt5Tc35Len9e7dB6qaTTe3F31o9fc8q9Fhcid","491989712.8194115341326192206339741406584"
"EVvRvzuXEeL5w3q1C6Los8aEjTmaYVDm2TS8GzZKxshA","1960438679.418442831676986565682545526062"
"A8AsSHe1uGiLaFb8v4pYc8A4Wx4ULX1ikRnjPyv1mK5L","1092758374.43635337340491454175792659977"
"9as1RSSJPvigpanTxQykskNqdssDE8TvhAQomhbUbJF9","7180853224.254783805000641313486764301392"
"8X8NpuU2Fhgf1g743Lg1SwkqhyYV81AHoqUviUtTfFFV","1105627696.710238824820327818559297790148"
"Cf26SGuW3rNCmQgH2DDerxv2dSY7QRUxQNBhDQ1x1pZt","9397851018.076141999085594140653786695013"
"BP6eTRpd8ENeAkn64sWwxQ525LNfxxRey8NKASzRLyr7","957256229.6219787629929723267988711451763"
"GqFFnwbbF85KT5LTHa9zChy1MDsGSTTmkfhPcqGrjjvp","787519122.9526372921395684601054450040426"
"5guQFMJVvABaC9nAPyQboBXcnHwAtdDaH1y7cBeaHGWE","30338914606.39930936495329165569267714612"
"GT7tSR4ULPuxJdgJZarjCWT8RYbXZJ1mhiFBJv9EdYaU","206207058.1292498316998005247131968605074"
"32LHrEJCiPPqpzgkocWSRxWiRTzZEpmsasYgX3J2rbvw","800001964.2572997911416761914401903014884"
"4tvBThmuBih4svqqtdnWYSEmDFrGdQWtbuRYAbY3zKHP","450000825.5190305098139987280101827571497"
"FxvWcszUAdPFxeZShqvynbHEGq65U5LePy74NPyz4o42","6091717597.903614113552946080562978719879"
"BqeJYacNKBED6Rb9Be9EdyLy4aNBiLDdRBzsf8RLsqUB","43017833657.78861439116725573566075247984"
"AANCoprzAHZdZfdUHCo5WonrAZubgE4VCSYkuHo5J9RZ","30874335624.13641913433985973020768164961"
"5D4WQEzr2djj2MJCEEgyTAfBTXS88NsXC778CucaY9kX","5001250741.213964388798721398832269138235"
"C2p4FNuzXTaPrxsyvy4vLgzBTKfyCKvBvb2wa2EzZ6wV","624682622.5887430474577121526285333109664"
"2gJzGFrQHTywj374YHjnKsHdSZxPZY5442QmvFroVWXB","313698266.6973652717187644455236149753614"
"B1QZnYbrHq4QdRyMihrTFiWJdCo6ZWE3tiSzy8qLA7G1","129182616.9661649269837871894910158926566"
"EiJGjy6arqGwTMcPkoU656VmfnapcnzCFRxZdohgr7hU","9877346512.562359546093547729956188269586"
"G37UKjumWNjohzEWR2f1xei7newtTDwVcJjuVJQ9Wz3Q","4677174131.489629949668448029921786958202"
"C3RUKE5wM7RQdr7qk756DokHiTHRP6PG5mvdXK6ktT6h","5000455886.22061474225925453707801538416"
"FLZzZh8MYB9XzisKzmBY3eiZL9f1uswf5E2PHYg83zMc","120964734.3572318122945097715665251201816"
"Gi6SToWoi8uN7j2WfTjNzfKEEoCo1b14UMVTWwKB7Kak","500001206.9107603321621023285870149421373"
"9JVeWMr9LCQRos8ZdLTNwzhsHQ5oYaCrrCXGMsEJr69a","18843071103.94516487815281036945128878124"
"272AvtrjHscqMNpz8mArpZ6awA9mCbQGxWeqGhNeaEjA","3005782399.947593762513048252903562758324"
"DGn3B9WYojPNvy4BjwYaNzEm91HdwMxmd3KEXDAGqeHD","38908291.57481541541518408272433442258659"
"Bd5HobxuwoeEcg6TtAtjZp1TuS8aqUREmQNGEJ9Z7TpB","2119160919.464531415091914855057445265098"
"DWV3xoA4S5tb81BUkRUrX53wxtibPBG7Fb5aHvm3QV5w","765602580.9899943696912409548083654234208"
"GisbM11X4piG7GxYsdHnTGUUWzwxUtJMJ3qpW9jtDNEh","986100589.958311757247992471273233709869"
"2tSDD5R5n9rdNiRC5ZcB16USShxTrYvUUdcBATydf1iy","544368866.1766624846643007014826543095714"
"BasELXWGjzCzDERCyk1A2tcgysLsquhaeMUQ5wmJAzsb","15449686770.9634483184587990408558673805"
"GEttqD4tAHNdfUYNnqjNja2ney1ML51ZwnNP5ASpqmmf","198615292146.501676456657801326449353103"
"5t58fpe48vyGF9cFsrXZDRtgTiZeDsCNQmq93nCmqs6w","465241544.7399419039595430614500538514483"
"4BeJA8QHJRd5dJk1MyU9pK2XGX72C9muk1BJHN4mhGXR","12786929938.26067775313338697912526364149"
"7AJVTj9QiakjfA3pEyusk9yAcPAQUnm1FqWdA5vWitQW","5629137683.838550784148650274202613016978"
"Ca9JghgqjXNxeMevSPuE38ZYpq6WM9YxP8qk4aq4ejR3","39291939.53693370879260964834644843610832"
"9cGjgK4N1L9qpy15M72cZJJx2XTpU3HVRVuKtGm3WkWh","1500003467.731897299757577851657193673023"
"EtB7tS5D3YoPRzecHxwK77NqhQq6ZJkZWNrgN6uJ5TPv","32686364777.37115671596267959590449957112"
"DXi87HvmGbyPUawfABbA5B1MuWiaAQD52uSbDR8qqzpy","2156396378.844192377392720214401928571915"
"GjDoEPgdRGsANDt7mWUoUfqMHGUPhuYdLmz2ADmUp5Fy","20166881770.81803096634692557479671510211"
"CZ8DUshkN9cLWiJnXf9o3HmNMyEViJnHGHtxMonR8FKM","20000054161.44517181752050460884768289916"
"GFLibHHicpR2Sx8GwVKLbK3VbDVWHSVRt8TMfH3evdDN","3000792826.434664131830256825807714701591"
"6obAxvxz83oi6SSpUS9Y3BtvxfsHQJ61NiNtS6hEzASY","1103512704.406228411718071930311981764958"
"96929DasYJ2nbfdsFmUNzns2BQ9wKVfXbNoUDbc9zFUS","379277510.1580063525648755438830418436768"
"FGifjHuHAK6Kkxz5JdXkiHNYRzstoPBstfhfZokzcagT","16369455465.573606949906544575445683386"
"H91mJa3AXcxQeJqeU8hWud85pk627Rqm5vwbzHVokakZ","1627318177.01369444449734033535813787947"
"123R5L7cG9EcshUW1vXQLnxcAvtSkfJbhm2UJXGvgEzc","5000012436.108523692205621927805530946168"
"6whq6rVuRiFdLLZGSDMkeBmqRDox7mAmZ6Fokgam8TX8","82784299516.7467731717543738577318687745"
"59pdyRuK6MqCRhyezqouK9vC1XEtFDVTYLTfeRN9Zqfe","1000001715.819770204738237757798290635482"
"5GfJX5CiRPvCBZmJAMTorUHFnoeFWXzjZEF2Vk37M3p2","118753842488.7229880410425129618796401858"
"Bwb3rSYgvPKiMEMqPimsL9gxD1dYDGBfJhBiarcGunj4","134958764.4516769322413006449163373033943"
"EaH58mzDCYyveGSYqWvr9Lp8xN2vqgRUJAaFLBS1rhtw","8155489491.462689647287589784915849738153"
"9CX7tTfJw4bxYau2tVkwzsXEr7GRGciHUv73bXtkZz8a","4091732203411.307540894468749298697099159"
"2zU56eb6nrTGCE4G4TrJfXPF5DmypDUstEJXHTaEW4Ju","419306971.544508763137295546950422614073"
"5vSsmfUkoGr3awjnTXAWj6BbEyR8uf82Rx1yuGkfncbt","16616084725.07427860096537555298049716513"
"9Pp3cRVWMxmP1he7Ef7LwwKpWXUksbbunF7BLfKrzw3o","73517878.3692724935260779862308259394766"
"H7QjycGhWf98T2NfMCHvhNjqHtLNkXPk6pDtVFXNz4K8","3679586177.723129556370209082419866248255"
"3f62he2LXbjzyfHkeXKx1QATeJzdzYXimPms8bGtSiSY","9499254202.376616015748172529093247358495"
"73HeCgvUDsP7Gq6sh8uVDM3mn9RxLppeB28VLjzgJEgn","246630110.5028058073735270110144041813054"
"HTNk1cvdYwmhAZ9fxbKXJkKi6myEyEMnfbA8R1YjAyHy","2792398.002818902174349734555725894720813"
"Gvz1fr5UqL6dkouhJHoPiqEXDQHYBzguSDhc5ZWSMfwt","14713908928.76839520527456238867335703473"
"2LvCaow2GYwP6Fhj1ueNWwETHGwXzyJZ7kRdp7SHbXDq","5384158684.476427033518746941667727253708"
"5w4HRhDntRQrqUsAzENPCkg8qY4B8drXD3sztqBzD4nK","824659215.0931348169978160934239613487111"
"Fyrv72cFubaqaQxsHKiJrkabTL9fAbTuK8rpQ64Aq2yQ","40411097737.57595465774165667569345539905"
"CxbL5ePbMSJLsHNAp4M2C1GyLuzZo3bDUJBA3oSh6szB","11949418029.9353600527073260468930084207"
"GEwYT7GfWFzffrxmZMFLeBTXNYLS58peqeHF2mLsUCgH","4005632683.387599503036186431522847773287"
"Fgm1K1HRxcV2j8qaiXSTTkVSzF6EUUt57ub3EzUmD91u","3008887352.734242385937108972394539608695"
"2d6i9ZUjb1G88X2v9T4VTR6Ldxm9mp8aAF8vAD3XPewg","5000011219.105471673128083651959865235881"
"AoGouNwFYEnBVd2qKYcphBdvmPxynCKpVcMwEbgj16Qb","5070386.715594230282709821439137329879358"
"8S64Suq2kCuUUDpHfaztfWsVq3Mnrt2v9qLd66zmBQwJ","4997040743.656067396039367814060990047185"
"MPaVVdfH792iXbZdwiwFz99NsXr8tbBkJQKPMpupm8o","1086171052.916566578365249653070201290197"
"8GXka46kM7pXu8cMRErcgeR9TYdAoYaAcQwCY6SG1UPX","5000008901.09965854229674945030805495121"
"9eakohftPvmFWG2zgoHMvo2nRzJMkGFwdCagGpo1WsQU","2672491370.115194054679852667497941818304"
"DzT4UWupdm7HhkmBukRz5Z2ssRf7YzDVnJ7VRskjVqpp","2060561922.509060485097013015461629942007"
"AfHBCDUnbP3aZqDhEBmg5w6aPawtA591AFuNcx16KAfP","1532621940.533007908305481713431880141655"
"E1bmQvcddhRdxyAFLAv1krRfn7foMbBSJDR87RwgN8ov","16627713499.23709831158808512480128613043"
"yxr5W5WGZ3CD9t4aGU5URwFDeb7KTWFNBQpWAGbWc5r","65591411800.15703089490378514438715876401"
"7FwiXDXVxBnSis95hdj99CQTgBqsKzHnwXtH5pVwMLDk","1320071169.494896723999002579579793100237"
"BfYxcWvBFKqwfEARwhNxsk919scs4BVnRKTgoomGrMmc","5000012488.108654098936954705409454213986"
"5SQmghQuGsA3ztPVMYLv26xaMPxyGP27u1kUnUWTSm5m","497151532.7643034310682108624484219788913"
"8xYf9X1ueqGWS41ckmdKY1CJdWgfr8oB8jm73x6JNucT","500001188.9107151913704871363395030417387"
"HZYsZNFHq2xV522evUg6LXgA34jZNHUJZAURsN828FuJ","986100651.9584672421968892445702191445754"
"98jEzKDFCg1xMYkNqneNowpKoqhXGhtwTQN9nGrPifxv","7011952856.68382958713174386936917170863"
"3dhGuZHC69JpqVWsQDvKamA7t2W5fVvAWRBPY4niqj79","150000316.1731129906300119583449491366246"
"5PVxmCkxSjPRxCyK3nVHem9wnUo83MCQBUpsKF6Mwexy","1000002485.821701227490665426164077485869"
"8Fu6YqLamhqke5UaCEz9zEvtM91YfhkGeL3zH2t3SDbn","1034057300.224891521982013866091430332587"
"3WscsEdroqkmZyqJP47KsFNMXc5SDfB2UPVNM5PnfRHd","56400140652.14508226434307136106651890303"
"4VWfjd4cJTBpSkyrJp84u5ef4Gh6Cpw8EYDpkGya1fR6","2554054219.096674833960497084230676361186"
"Ds7NjfNZh877edTwCnPzThhSq3va3xbdZZNV2xzzSWVH","19769867352.17913118428175958797390922971"
"DiNA3QPvf1pnJK8DvtBo2AGY9HXA4kA5omz9jNtJjkK3","1498051212.836002275826518673595662935398"
"2XT2wXNsE15hANzRaD4pmJuRKX6RQwySGYNum72AZHpR","1009751219.269725754498954317802467679577"
"HCPMPCUSqq2sFmvvJGrfmkcKtLag71AP21au87M21MVJ","979102149.4075142973608494485523157283579"
"AZ1kAgyN6ujEPdnxKPNbVw1c2PDTFZ4jBqFEE92hSpAJ","1999601886.632539630124766858101107177734"
"E3x2s3YFZp34ruaXdot16QhifLNPH4Q9mpkEwJh5pbYw","917163758.077458503549815461746776812594"
"239aJnjX8jeHvz9yXW32DomY2tiTG4zmLH4crUy9C74k","218099981.9545081514536999292018179594043"
"6w4QoGcNnsQm79knvYPcedryvGURyG7qW7w7q78XfPci","8234579259.805233997574274398792094881234"
"HB2yGcTAoVXYYzrxkUz4D8kwMx9N6BvH6iySfVHgCB1H","501922640.7293617817391703810616411138187"
"BKoYqtARjrKBJZPHp7tQ3mKP3cZ976ZATJwpe49Jp5Ww","200000239.5636942306136845561795340781353"
"EP1v5ch4BC6TYbAdPuvFrdwvSgqVTKrYaS5yowufSEsf","16150876482.41785217713745094856607148457"
"AaRMkPYb4MiAtHmCrkpZFjcwQ7fis3s9d7FojCHk3PtW","5123754688.431258018939255842651277631514"
"EUUYosbBXZ6rskFLxCx6kcp8c93BbjK53xSaWTgeFDYa","1821052958.864776914051394578456768759854"
"8gFFbB46n9cQsXtCbPr2axoL3HzRF5Rfo5ZnWyyxki96","1009917718.687275569117726207718240150461"
"Dttog8i9ucVpqZAtYEN4DPo9EvNMBxfDVXDmKSFKPBCi","1982239698.091374661360766626017554564795"
"FkmrxBXEgjw5EMu93Q7TaKHbE6HkgBumLG2qZvMYwnQm","206758551.5122934677801118005372510080574"
"FjP8UajXMyAS1pTKLGkYVa3bmih35KhZSNteYDoE5BbN","973257391.7499406413967615430274672980742"
"BSyRUR4aCV1iRENvEPCnF5QjGzfjLyqVr2eB3x79fvxK","902500826.3055314107473526794686214815274"
"9EqP15CSRrQ7wZFGnNyy9KFmiSHCbrzbCCMsSUPpCAs9","12361452062.24067929946930959570464440712"
"AmvKkdVr9ysyzwk7nbRjjV3rahN62kJVSM9jte3wb5jX","10027382914.82596979262499454628527283876"
"GfV45mKRrJLHy6q9uAWjsyUzdnsytLXHC3qGfaydG2eu","32766732531.9186546379581549904474673351"
"3fN8zn7YoHtWSbdJk7i7Mpc6NA7BHp26A4GXFxCuE3NE","2642766449.57057855025314057388002418471"
"6n5v1RwkJTthJYN1dPU9GYKdwcHDud9UAvx3s9TBSkPK","147447600.7713738226730237942418516502816"
"DD5k8jHAAiigyXQHNxnCK3gmp7GYJzASJgLMc7RqTRY6","5009722710.460099902284539783496133504768"
"EfBnCqiApgp5sw5Pzwhp56KZtjEPoz9jKuqDQxtF8Wun","200000483.5643061391222460510902509502059"
"GoFw2ANzkwtJRqM1d4SJmcqstbcSxoWf2VVhYTJqEhPC","6517582184.893412318634300910390653685609"
"5j8HrFasECqxWPfivAmgpXMFyJHPLYi7XwjxF52GcHic","15032991221.96790541513144117326860540299"
"5e4CUjXXpmrLgnEiKM4igY3HabLuf9myNCcd1dcCZdwg","261875454.7353158771424193524955274613699"
"7uDBajvs6z4LLyizJdSQD1j6EXTNpMTdvA7D4PbWJSxv","2294800271.935616199041305067551504843069"
"AVnGmaipfCn3PR6rtzA68RB5K8HkKVd27HVqPYxqXETx","20000047.15642760452611692562585763499402"
"jwcux5G7U9k5kKUz24f1vb1JtMTB21eofWScnsuXSp7","15061379473.16040084371856656062308646599"
"FmEwAFLe6GwJUjamyEEJY3An7XSJmpD9fxW7DvmHrmcu","20670511205.82771784369131685201593851721"
"AUWg7Vc4QSQYACTx1PfmkEAbzXujStX1SoebW2tjMZw4","5100011872.888657965252843300059151986776"
"8fzNhXwrkiJir4NTFxkuiaXFhAHVPwQJzDo2TZiGKH89","1830677146.000462272587142711283095228502"
"8mdA3FsV5j74qc7NfPdRWgcCxdbHNEHKjZ41JARA1M8t","2000000166.631352371441830921811783781986"
"7ah3Jc4NHhFqkNUvZ1KCRhAzNfssBEoVJbHmSda2qZYZ","8918531023.030044662504008565023107790653"
"266UfRxQbtsNBPVGGyKubotT6aY2p4173oeYgzRRnk3L","20012419444.45501980648379177168220669298"
"7QZdHRXeupnPaqSaFE4DfJ9QQSNjUu4CtyXk8hHXigzo","60076279071.22186936008666536797779629195"
"FmEwAFLe6GwJUjamyEEJY3An7XSJmpD9fxW7DvmHrmcu","43891139381.87821689699824693262326374527"
"4ggfZuefK1dmBg2zZKwno2msQtasT3jFSkfSL5F3w7gc","8156503979.00683720182860685253308728988"
"G1KNrgPswmzgtvfidmbhEyRZxkq5hmeYB7JRdut6ZjVJ","8001229552.60722900923689561497861832807"
"AMG7XCJdRDx8Z2Echo17Uu2gt7UvfuCeHRTpXhSFTXjX","1000881085.025065899198057819898141628005"
"F1cJTM1q2iRiPuSNgSYEeWo6wWQi4pnkxLMRMs9mvr67","100009506.805388038134165035167223096967"
"2kjwHCFJejcTHhcz6rS9KcWc69musdn4zJwFy8oKM1iq","2000004998.643470166168753640699422822336"
"6csHHmHPGKfCb1FmhPebKmQNEBFRMCEAWnpJdfcgCk2P","100091394668.747688447172277861992584481"
"Chg9A934Tg3ygwvMqPmMzqtcBaQoDkNf9X5hVcvmWRf8","121836855.5443508146639457553349175521791"
"6TDHHwfTLyXiR8jBWoa7Z756brKGMC3bJL7Bk6BeJyFk","473246637.8152381349263125262740016278272"
"GyhaDfFBAVzbmSMuPYeEPKzw6mpEnpXLW1oTHiDjkroS","805268153.4639305369709344821751677345761"
"8R6ijwqy45yNCm25eEskW3RJtsb2jBUc3e29qrfVGMgL","4100011022.071057026333891169710738787117"
"5hLTsSKmkTuZ7MbzrcRjZZKwJbqHQn2pp2CKMrREQ6LU","1283689933.257469770271593712561035929019"
"FMM1ut3J1ucyHYXBw24EsVxQrwtmEa7spRRKErYNnqMG","4000009651.286072626009793030418894670343"
"AWxALwWH1nqpEh5ug9cQAEdLEBzmP7ozrU5JYJSKKU2o","2954173007.520761179365742841638934754382"
"4DLmvo6noZSbx7wRsfrXrGmj1PCrsgWWpBRSUWC53ZpJ","22412133820.49584901277024350013171334107"
"4UADhB2Z7MMGxq4r1mrLJkTtkkY8EAtXjvxAe2gyG63Q","5038748026.250235782468843991776936993844"
"HCAzD4QugHhArAQKB18362Lw5tD8BdUsxkHWiJ8MHgkP","1000001359.818877420192959511125277494264"
"F1i2Z8xtbFLjC8KayZTV14XDmQdhKjKPXbHHF1Zfn2hZ","2009134860.539479042794041075799490809567"
"7HTTEQE8B8guo6S5ko9J9LWzvkGaPTm5Sb62JJ5r87Lc","4008442532.434182402681465050041361104505"
"CsFMASgqRATgD2x5Qwm8aNhYd45oRZMYEFBYEFBRSqFG","11230511254.04982797946237674955560426072"
"EmgyCAJmvsr9ENyNE1ew8kqkgazgDzeM44pYaYUTHF21","99962664.68791665142089640972542095952981"
"EugfuiXGzd8eumP54KgiivGiA8SEByeekY8Cd8Y1Nap6","416427297.3228172093514170016253289863994"
"69viFPLCqX5iMCiYdMCUT1chC8rd3vzHNXHBWuSkCkc5","10209344.60315230622349450977485922844086"
"AgN7whbaHvrL12dEfyefHBJAYvnWSytv1PSvJLciGzQh","14863567173.08365509987121727487145721197"
"5SVtUoykJcwmDE7iZtEyJGxok2WXpz975UCpX8ifsnAt","377979368.90250763335585144384952185972"
"Z3Wt3F6y93XR8aMinRAkbizjvxgCrE3tApMXzvCEbV6","1527948955.814024551837717133852561163248"
"9uxPQH7k6sbD7kGMDv5N7W6W1cim9c8BJihPu1zyQqH5","138860188838.7293543796890391007057256278"
"253bg9BcjEH9CeUQ5gCCghk4uMTXY1qnU5CBgki8LBgc","27052815707.46966373117687927349024093616"
"CujwpbAefxWvCocfiKuSwR31PaifCXZTictbUTqQq5Tj","103630730.8867497997346314003786898814723"
"Dv3ryB1PS6vaBNmnjoUnQiY91qHtNv4vAVz8mFEGV7sV","5000012492.108664130223980303686679080742"
"61ZRkTa1VnehoNss94Tuugj9t4PWAF4c4bXskt8TNxG7","9397509060.218574794732466619407846438157"
"6Ao1kNq5BJPR96143hVEJqA4Ey34mCwFSzE3a7W7wxSh","3570266813.570337264567616134880102260936"
"CTckb5aTuQdmRiZ6MsBk5jQEyKwVsfa7VteX8pd25LQH","1000784097.781839790510132791596103629977"
"9LJd3SFdq4Np6RetwfxJgUkKBeZoH8hFFACEcmE5ZV3a","99702038.0343130983375022597233902206263"
"9NfYyVRcbpQW796wrn8Uk8dCaiYx61zgwmcNYVZu1HsT","2002721889.456930970982641095650645194759"
"CGHq3quNDcP4NRCUPnY3NNSSyqTkSmgTK8RpF5vv51cX","6088068976.75354555929240071506909331193"
"9yk2H56fhQAnkFZe9Xzr3pQNyd9rZbbp6FEBnHibg4nw","7970014725.326202346485196013320537380054"
"DeKg3DbqfV7bdmHzpkc5GY9R78zKWPLqZyn6sh2TYZmv","4994007242.048605144931812721068501829281"
"4ajzC6ksd5yfHdn93jYKEELB7x4ELngpFqNTgD3FFheR","21604797389.84506095604725900984914219926"
"AwNm47kk47LWzUSXAwuvjQk6tsE8wCtFarhB1d8AZSHT","20000047155.42760201829516922628832877733"
"HoFTVE6NgtV3F8aeb8dvsD1SrrgkKortki7murgaK929","7936306.902793203631068690526526619601683"
"7dF4bHGgCyr4cmXzpJrVPpQHK7Tcm4ogZ9jacoPfwbwN","638259639.6373964011248058304543116583698"
"Gd83eF6gPEf7P9WpRZ1Etzyh4zXTLV7gvpF7iheXUnuV","15051717809.93073235703998816847698336734"
"HhrMtuQfiGgEqqkutCpHAnAXCTWX8FzT857C5aumuKJk","59873042132.54113102093030243449046147892"
"hf6KP3YP9r3Q64an1PqHm9QdTBqvNiVrQbDqbWzDqw1","9839793875.38727520256319617677381425473"
"96T8qF96uNJsfYadaLEdNSjctfKWc6MXmSu3pVxb7CtR","166871873.4838653710516915017194077166267"
"9GzBhZN7UwfFQopbcHaQLp2TYHmiwDQiLJnf85iDjyzg","4930482557.740419284983462339073797831044"
"HTaaMuR29LSwTtEsxkB7xV1Ve9umCXNa9bTBC9pdE24G","649248136.1945180288470247651679039764359"
"DTvkCWyJ3Dxqi5uCPXtVY1mz6rcGy6UYb1PiX4nFZHAd","25492682702.94398402167162837457756590904"
"8vnMYi3USW9xQpgqeNogzwHHyC95Mr2Rj2mRi5qxJFk2","5681603968.414310752137182628271259498966"
"GR71VRYA7tqfbqXMhc4eceXBfWTK2EvnrYyYhqZEXrce","1500003731.73255936470126733795403487887"
"2W67jyVPFJr7g9bRuEy1qekvxufqjffhwVgZDo5UayY3","1681064874.800494467597445224799694886115"
"EWKdvtZhtSaTJt8P9XRc75qJb1TdF9FPwisXzZwLJ7HV","43056761538.41255552696855098152456561961"
"53B3TPnogXjc74GmVNQ7WshLo4C9HJNHxjpbLar2Ukww","1434644012.822445347107015291972520405815"
"AoyxKntC4NnBFngD5mwXPay5M7Y9TzYV5V9HnmFL5EAf","633517243095.3410011472708424407063580463"
"8KhzhdWtgvoQ1Z9iZLtDSuAJG3iwQrdVyXkqkWYwxH1w","1010009571.917626520908295847202161668117"
"8FyfFiyAEGndzPKhyZ2Ai3RVJErtRKSi3e61HdvKMZu4","5977864913.382090883068378001027343380707"
"FMVYqwDCmMt44FpBKmWbgopKspEtbwnQQsyR2ueGBuzH","7249307531.925555381335628942669625861947"
"EJm3fZTL48r1XpRAqgHkVtwWFcBvZ8QkL4mUExjf4JZS","36957384137.29956844889428632231189338733"
"683W2MQVT7MCkB8ZmjA1KgJAoZo3dKhckR2anEEsHg1a","2107803133.981301306592411770389704368194"
"42bAH9PSwnXua8LmMP5nh9zHsgPnTHKdkzrveRs5JENw","370467100.0631236438431869232232013148477"
"FFouqBcMtU3omUpdtjMt9ewnydTTmb7eQpUrj8atv7Ep","962647798.1430376928178522175779908051062"
"Cw5x4eCKMLCV6R4AxCcCvLi76HfcE87qdZd5HDEv2dsJ","1441041935.867255717128114553201417287346"
"5avAWRfjra1S11rP98YZafcr14HHDVQz2xP2AJDaaW98","616467898.9877321416969009741423810584556"
"7tKSgWY5CHm6ySzCaKh5Jx1eyQnZ4QVm18GvYzh9hT14","1000002485.821701227490665426164077485869"
"FRTVbMGgHRGUttT7XkeiHKYAPBRYWiQBQ2gh6riXwKxE","11510124194.26748429925852909648058278027"
"8rjrujBJtSvdtmWSZ2qDRQkVxZnyhSrijs3iLHqzxjHG","12668403644.01860377758330458919392389341"
"DsreCGNY7upNbofQbxc263tHP8Hz8r337ZxhVXh7xS15","10007453589.84690035835496796113367187008"
"4syBux4zq2j1625kSM2PFkAMW5i3sxumFGok8hr9xNnF","2911543017.612613119197602067230317955367"
"2FVWgGpVqHuqHRwKK8NiYMNUqbwysHG7PRFutRNvxiy8","5669568526.231642691304729405399248343639"
"BNm61G36EgCtaBzYFoKFYzQPYUVsPK1Cm2yUMYai1jqp","2357313605.707521541298463830842573042388"
"GFCrMVn9qhGD1QRAwFoQ6qMnYFDuLBmtNDCijQ9DkoxM","65340394950.65309316972308826985143169393"
"EhEYtX7vfJN69mpJZBSowoVuDFE9A6ohmHaRLfmraFZL","1479906716.332953300100596975842957362935"
"4iASrhH16wFRAzZzvvyoUnGsxhGjuw1bUMVXfVdwKVKC","50312542310.57180288955202554685941071451"
"Hrcr4Yo3W6VBMRPS5DdeExV5y86NBYq3pyrTn9BKHqxB","4072512342.109442089765374250518131375922"
"7SxPXG9QshvjQgfKYe6DhA9KG7yJKFmYBgjqKZ4yn1Dx","3589488623.77509020450211424148241507657"
"G6Se2XkHAVdPApneHjLurebLr5ntjChVMQj2Ug5eGuT4","242583538.3547495851537730401115874597241"
"7cM1YDzz7gbcHR92C5cyAwTcRq2J19Vft9fZ5kQMh2M9","2427864223.635452404682650594494010447706"
"7vbrBuG9eCREiYgidUH3Re6SE8viQQyvuTbUX2xsviKL","1787186307.933465884709458297895066730492"
"ECbYCBAREE74CNbZSj2QUDiYuTCgxEWD6vofovt3rj68","337842788.2473698640596659762695156002298"
"B6Ls4b5Fx3DazydqqFHCgQEjaXfsV8vX2btU8s2stSAq","209728577.9605717329002042318176349034764"
"D3CHfaX2SoNxcCPJAgiruG1g9dfwpEsHrBb72AhpZkdW","22401575246.01689262238108380111610609472"
"49CdWSVYhBngPHUuy14dVUAkW72NWpVbY19h6D6kfJxG","6914623407.59953175505800095289729168499"
"BMHv97u3LmtTxsH7xLiXAUNRS58zBU6DZpWd6wrqJb86","108960724.2533896049092078111275169276646"
"8EVQRmt2L9AGEuJTkgoYqPvAVkEqVfS8U4imXKKAoi9Z","11843598268.5589257326701274459733313076"
"GkJe1M8e5syDKAFVyEMZzwhS3Muh6cVi5ViwPh5433CT","109373289.2880265800164397223774989316281"
"8pp3DmPiXsAnyKiHWzD397ah91axYaoWqL4CCj2VVmXu","128388965.9758346978390254091814470319135"
"2WxG1qDxCdxACnL7VdW3irbDT5rKwkv8Y9kEx4eQJVpE","1093569954.471646338820164200158654474264"
"GUEU3uk65JBQSECRpjnSm1PtTqoYeP3WkAhGyp2Ng3F5","6185000101.83892030589179798678082319701"
"9KLiA4r4LfyQGN7GgtHptLciGrdNpeAjDMDhBpnsGW4W","6638697394.628008609723035873310135055115"
"78EqBAekSgzSxB1C2i5tmRYFsB5fXvZvm6WpkvRFktGr","1418829381.162267460924437738432523217439"
"HyC1tgH2epwAcWs8XTu4Td6XbDjzgdaghkKXq1WVdhta","119650330494.9494762558017533190820240816"
"5jadRoFEPZdESahKtGwwSVPNKdWUJ4eHJyTweoZHpRko","577101763.264728089866468881551879179085"
"2EgAW6SwdX2coNkKbNx7GSH1gqTZy49f1Uie3EAJXfxx","479274598.9322522601280707274056660989484"
"9pZnUcgT1tpCNWz3YdCWdJkrdxRRPA8K6hfx6J1JSYTS","316727866.2950420023328484190832456735119"
"Gur7kBqRriXfLqDnyJNNHF43kkjFFyi7zghYiDoStaB1","4943885467.352443316109096203702107139065"
"8UsKcjcAF5yL5nLd6ynnTqS9CVFjjHfUhCDcamUMSsXb","7208226072.900837022139644027308819542401"
"8kcdWeAUu2NVqBnyxEDnbhGLobDdkqkKeBeycquX9nfR","3053828173.437527656337284488841336336906"
"BcrpHCfRypMhXHdWMgCqUHQE6ezCKz9xWDnWutskMcCz","247726002.2511000841724946184349050692684"
"5aDbxQJywa9iJBLPS7XMjnfpzFYbYBfkabCmiG4UFvZz","100000019.7815963331312023211591453701862"
"8aXVEKaqVbr29FdXatgHRCWNKicY9zFnkZjCJaBwyo9w","30899259962.64206074964749139948094946216"
"9w84wKWm7n3VTMuXkCDETzwvH1ivmDzLWL1iHv6Tb8dc","14365121701.07439081661437330261423777552"
"CvWsPBP8tpsMaCNNYdvUWivZpVQmyrkipCLKsE3jZdKg","2086612774.839790895028079903450366087395"
"9UkNMjAZCnrWdcQLUiF7BaRPnkYsbt2w1HX8ziD9ouAu","15149925911.21852777537421265585615701762"
"DeN3XxTQiyKqMBRPnAwo9spDT6FSppbXXjJNT1Pdnfk8","7000017122.751211417986378902881414161595"
"BuhEYpvrWV1y18jZoY8Hgfyf2pj3nqYXvmPefvBVzk41","25266063944.62595674378031542019579902977"
"HW9aN1JXcNNg6nYU6RkTmrJvUb9RTJetTFJx18Jvwxia","824578057.8896075267136962472393335346127"
"9n4ziB6ceFgZrqNZ1pZTEgtBE2gp4sFpB28pCqoHMtWV","790455289.3160007125879714746773318162109"
"4b1d7BHNY7PrKdTz6y3QVFUMfnSuyygaRKFamXLYsWrh","379442147.5708866030732314357506388399889"
"DTv61DDDZqJFLGn3F2FN276Qcb6L7SDR17w5yeuVBAWb","484582596.2437300179488822116949508579825"
"G3nMrF1PQU5Wo3pBW28hDrSJYpc9ZgzEotNt5u5CPCxa","200063962.7235001563967343110795801394459"
"41UVwNkmNnFzScfDKpSECcF2N7GYhE1UVkJTsYd3aoFN","4062599588.250084638272428001274079882901"
"9UvZpFEkwHgMqEy5P5pDbYBHXuMSM6ByCX4tncbjnQdr","129031233900.5241334907826986727770419288"
"3pYDQJyAiBdNAYJFsQB4CdaxZYjQz61CxGQCu9oz411c","1058482933.479872396086154724077210566719"
"AWukvYCY2XKNF1oXvvFm6h7tpFQ7vNS2aRGQdkiPnuAA","12881461487.32835864772906973071861354856"
"7FZFJjBz7cSodQW5XdV9KmhMAveCefAPja83gJXuZtte","3004967879.904927801133983860742557818716"
"593s6foyeUeiZTNUrUhRbqqocj3rj1xbgpz7H1fHM9Li","47802411222.62623572618669549053978769222"
"7Ge5zg5nfasfvrYUezpvYQpAFHkwm4sTTwFviHbh3XBv","1000885531.036215674727010305033581026473"
"zu8aCbKCa6resiGVz28H5fNmAarEn8r1Ur6LzqHox2R","3196375730.920497130177970295972920079995"
"CpGmDCKvNfZpCjDti5U9HH8e5FDQCy5tLhuETFXahq4m","7797938.555790922841573084763935821751121"
"4R2x9TozdJnWsr5pkeNgwZhvRincR3NsSH7W16DH4cn9","5700013702.582526847065256890096960962454"
"9FUHPtJ66mWoHrvzy9EZ9gnpLZZADwU17TCHzdY1yWBx","198887406.7729149454395518451424162649701"
"3rqhsBzyTjJA589iaF9SwLbQxpkpFkEaEVrvHUojSjnj","283268271652.5530301383695375481519755085"
"5HqhrHWdpp3VfQJWGuXN5Cbq77QahABRUrsyo7n7nQmC","1984795477.500797795179363070474899985665"
"3kyUx3gc9ipJ18kZZaJMEaNY11Qn6SG7XR95ZvyXVvKE","2236756449.372420197012021318395927299053"
"54yj8GfLr4Bx1CSxZ8B1SKjUJXiSRe2PNiPzKg8dhagK","110000108.8599743977193049557616313808005"
"2RxhERkEUyDuzn9PnBDz5Vg1sg7UNYNZvDugPk2NwQSr","978679777.348283114288606961116266657193"
"2i3EQNGVR7suacYZ6FTHndJMpeyh32b7rXxzsvAmaqWe","125381085083.6244727223906979338487284954"
"BAg5SNJK6qmyzoNCDrqMHFxna7Cj4yXAPMR2AQNvYMY8","1350507635138.936034403386681915383601047"
"3Ld7tcyGBoS3UvEUAsxXmrzfizykxTxamjGT6co3Cznj","66608467068.74396450061964206144481426024"
"Hf9kAVHgfHQbEZ9kBZdY4qMsopt6CeLSA6ELMfP9iVfG","426426676.3994147204924759420204011479557"
"EhVUHHbREvLm3q9KZsv18NTaL4Ajzvmt3VPe5XMsPA1e","984816355.737689315205217181581269217252"
"2sSfWALf56GU1Zf5xEwst5YBpuqfAqCbj1ZXrevVNs3Q","500001245.9108581372106019117899573930011"
"GsKPq6bHTHyBgHxtacgTKcdnw1yYJS4aACQNGCvHNdUB","3889650483.525644764081171518705711437275"
"FaEXRPuQbsPtqaZ1PxwF3Nx1L9yu7fvAPeAAEopL54Cs","5118547485.372553647232982547012797804824"
"3k75grJuEJK93BJCpcJsNy2W6cFfks33gxjLo7souPrj","2000004977.643417501911869249743992271871"
"3SVeFPSRrhWbZFw2vvv8hf5H5t71gL7wLRQdDnUGw4WV","585312134044.8229240078064507662383663582"
"Dmfd2EaA2hJvYwcy27VChvoQqf5wMwjx8MWnM8ohyG3t","5326139660.975422503226416111737017375597"
"J22bMVtosYb7WxyQv1DJo67cMo6SLR4TfRKEtiPd3wD9","108375898.7867552540445860911886481085579"
"GBKTzBmwKS8TiyYYxosNMSu6yym5DfButY6NmCw4NZAQ","6000234385.48059900582100603261984160928"
"Ar1UNhUtbz5Qf4BTy3e7H6mErBYdB9hHp4WmWjYB1vTv","44112612357.29157021546134813815437982482"
"GLFGivVodtksGBqDoXNJwQvs3nfmS6n5mJ5ojPD86Crc","500001059.9103916823639115918990010888816"
"DLEeT1kZ6q5kHPsSyAYz67SGDn2qHPsVt1HaGDsKc8L","500001043.9103515572158091987901016218606"
"CtoUvhBeuw8G8PMQkgCTb9GUx11JCCVwDUv1GivF3iSH","10000019101.20257474505506194114488538118"
"G8VikHRZPa7kqvv6E4rMuHZvZ5EEcUJow2do5dbu2RjZ","50678806484.09476234827536023987559114491"
"9z3xBChW5S73oQ5iw15x4JbUA2hfR14cMnXFB3AoP8d7","691176664.3435294397711236540377622398051"
"E38VGQvo4Vd5t7nY4gjonbJNQQgB96Htj78FR2LTcc4L","2554914469.254023484259713780764970480269"
"9rWb2Cniuf9kf6Ri9nzLgA46EvPMLLkFYK1pJSWkEtiv","952213147.9748606057687527452659805033701"
"D1U424ppjmpcD6EurXXAQPk4oSAgojhKGXsEFvZ8aHiz","6504838601.934857867046813078583662730046"
"7QRQHywmx42atY7cEtzdgPneWftxa81aCZYFJLZ9XX25","11858139829.02647599107661810198666090059"
"8vTqmx7yWt7f13TYjBGjY5meNdcgXBfx71w8dDCEvX53","50036151522.43470939520820704254469875768"
"5nG6L4JJp1s3YLeMpw46YpDiMtwfHcsmBssAUUmd5syW","3218096842.393036446773129971756072165647"
"5MV37NeNDubQxfiAbMxygf1YfYB18eDvpfhRsiFRfPeX","16809118429.16718742482984534515395671837"
"Av1WNDTDyueosVVH8bdecHMPxiVjt9f56pvTaTgVoWDk","75868171.26337336590915253223092884266089"
"9SiE3V2yQuvQ3XoE11YiQJuLKdLUohHTtaWBztT6m2Ww","1970470927.577469936129142949603654032254"
"FhERqzM3MTbTF1eG3aW1Z2mkgmr8dvHQnLPb8GyEChp6","7861302387.695720556361051623886958920207"
"75uhziFCayjH68mh3bTcwFqans2JD26f7jVWn5ktzPUY","978087733.863547305986293149925125778225"
"DWJQA3dk48eAZkSygAD8chZvFmXKcKR3aPz7WFvKQBE3","9661904116.272585830190458798000411952475"
"79Q5Cn2VhRUHLjPEoWM2QxbPHNn9nrs6K2mLJAHqAWgL","2964281128.870064243941203747530622090977"
"zgAxqgzGtLkRtYrdjKxkjsJo1e1wX2ru5L6DRoBD6kW","9425242811.769705899399586694982117105608"
"4NYMvFaXmwsu43TFcm7wFbrMPf3BbnkbxmbmAhwa56aM","3910735788.403698468848703031749761691381"
"Hr8x1VzgNBF4G4FfSG8tkw2KAcTgA99sSNXhAVHeKU8s","1096974859.010518605898032132618633351159"
"3yHMNz9bvzZ24FKnGVjufdjcBECHXHDA2GwYw9EawhcV","100698851.5341374111559133394225540142506"
"DoMavGEK9By86vRghPaKij8ztiLefdM3jH9EMMCycGvn","10176457.52067757212078187400131098340652"
"3EPDxBJjYsXmb4ieQiQAJRPJRmLrVUxRkcYffus544LZ","789193540.1517666427378405008356495715824"
"5z7K4U4rhU82CNajXmQUpV7ZxSQoDyYPLEf7bYsz69GR","1024832592.091025783049252880573934278079"
"8nseJQ6MFToUpfA5xh2UcFjSnNXMGhowga1n24ozNtes","1001957214.723800602447057138689188311621"
"G5KHaH9X7pRNzhAxJt7Sc63YSuRxm1Kc3NtcxT99bjwy","100000224.7821104365912642328669197913931"
"AR87NYvFtmEMiUMhKaLsLxvEyR6Q2EBNG6Zp3nkZVs4g","3037270326.913504039115713832520115204824"
"8tYTykY5mXCDWzdAshnDn2J5HjQq4G3AyQyhMFsUdMKV","1092620563.090747949333733496098898497589"
"EFQD3yUaxhfgPfUeBA5zwDYKaTeUbVBLTKzWfWKLkztB","51873041424.01561620664920996533246525004"
"4ou7GojMc2aT7hZChN2jCQeURb59fBZNbBanh7HSTMq6","100000199.7820477410473542436342643741728"
"5iSX42NwkhLgYYRu61nFsWmzEZcPkVGiTSAiqbANjaHB","2147656804.926953730607351485117253411932"
"66dd7kz95F8TtfqDH57gZW8Z74KxN5DwBW12toUad9fU","137252523894.0023398450938554616072106689"
"9hbjcj8aAwkZHKzA5SWJE7T2wv25mRxc6XptA9txjub4","1000002497.821731321351742220995752086135"
"86wunVVvkjvj8nfxSoPqvFqKNweLyiy2kzQXoQvjJ8zB","592768363.5536706136274617911233137055976"
"FhkdW2ggMWazUMfhy4KzFGJ8XGMZTg7Vncmfnx5vcKxZ","7063195701.191427628936056350147991077774"
"8ttAuGDrxKCEo1L57wh67zcPTZNtMHXmJsju5Djb349o","3541340414.028265081239331724093028762611"
"8nGiVjiVwEadsKsLwcE7Hs2ng8rWjG43LzanaAizDGB9","6647065246.613037245397800300518636432375"
"DC4smb7PufkqiNHGuk9NNZoz7WLh7dYzufRcgsTAUxNv","1100002748.603906961308672842664633511437"
"iZuvvkrJJWJe3msrG2SEkyPqMc3JJ3bYeQxjR8RBvG8","3155280446.861108135199761334953668037592"
"AU4grCpvtBa1j853oi9mQGPmDNAykBsdr5ZXnnDLMgve","119298624.1789349370266489530630625866218"
"F4Umu82AfNEg9QSEBHKZS7TFuA7WV1E8FbWEvm5i3PH8","367866122.5403519822788427452634739929512"
"BgHVxDMmQz2hH4LzDuDbnz5Rw22m3PDgkjjiviPVfdEP","1996603839.113989691568602095291225445051"
"7JX4qUoYyMRafqpFYP5ewVZbXtQGVDAeegJ2TZjuwxkX","1250001093.772077035256821249907029554409"
"og5m68rRyiNA8uaXm9ox7iBs3zJRSxYZb1TwyfrW8sG","8888720840.271607259483156393218542835378"
"9ZR5C9s3kaEDohrRLjgL3wtiRY1uMGT9ibCqhTKCzkKK","492133107.1790181270697790617296100164894"
"3YCmnK98Ls2Anmn5Fv5oVy2W8RPEPuAMKcPpRFvbSWAn","1003520180.643430710472840780672236694123"
"8udGZ4SFnvsCrADvLak3CsLXFpzWUpwGxw7mjfZcJsq2","128704820.7679402308848549728272130606506"
"AapCio8RVzCHsRVc71fYCLYnJ8jLvdzi8iUesaANDKVx","1000001808.820003432161582917743768787542"
"GDyM2QTUNXubpBFazrNhrx6Gz1XYQvUiEwDqAU1DLF4M","1009465735.553785276016736073555808706817"
"5qaVREN4tFYDeYCV43SS7pVMssmY1z1cFZhwu9AZiKj7","33138850760.1225029715148243848283927517"
"CicxuWu4g9WQKfGdT7ExTRmwnAV3A4Zu5NPKmjLZkbBm","2332053805.360603531767276242536548583515"
"2WghF41TvckJxUJdvaeDjGbmK3tzVTCczFxmd5NhAkyN","62734557073.69256019423631482920827605259"
"H3KP17ksqxzMJb7Fn9htpA9pdwnvL3zmxT2bXzVaNwSx","59110902898.23657103740443304153599066008"
"GH3KfYwY93x2yWrXjrc7oVn8jp8U66DFVv2A7LC69NV5","20355118903.88202477415723361511275997315"
"9QbkSR3YddnUBhtB3KBAMkZaqSRmsLyMLPvaGBcq7RHm","1259707345.113564278409743638278722373909"
"Gc1wvWvFtz48UmUYrqeXwEEWfJhiHkgTZAk3K4z2jise","9818527581.055333345926663014566911708821"
"A5vZswSgNCJJiphTV5pBupX1ZoijDScqVFg4BQ5TtFMB","988357757.6188717285663571256319074672259"
"FqN33wWMqvWTD9RgPWFagoUbfbgyRSpeYVLX7dA8En44","1622956104.074420458133522248343955836992"
"HhXG3LmkyzfpUwhkLfth1UybqRPVF8Sp68qRZgMjktU6","17965059488.05405412531621396574978595859"
"6tvMktmsjnaPYgUev7uYF3EsGHtfWDamzuMmkyP1g2NH","5032587457.800666937616208103655796069131"
"7ncSrcim1E4U7YFMNan58c6zS275TvHvju715rFgmKbj","500001169.9106675427571155445226849246512"
"FHXHAKZRnmwtZzqS6DroWDEdpTZ2wFmcmBbiPUd9TriZ","1394415217.936051302366199940389048404007"
"BdUL1HFRUYDt7ZituuKjY9JuECZJ9unmemUGVBe7UteB","1957721949.605385786165879441389624040538"
"4A1eDcFLQNgiDBgEFBrmZwS5grwuZN6hBnx5qbHrcNaa","10335980672.73220022711478134372789138378"
"4Xmdzrdf3c6HgdWckiXycUsSh9CYm3FpVDtG9vqhpCDW","2061316503.401410118219243622977312770777"
"83WJwJwaYbHifG2gQ9VYg6yF3A7akDbXgYTCgZLVYaRb","1092628827.11147258832861953684547321395"
"AsUmknRz8UYipxGhZuuDYtPYgX5vir24tmkgY6rekVTA","12832384017.25112009475793623897291942044"
"66WaD4EMrzMUxehDCoRakEKevY6D7ZZqbmmpp9iSFM4c","316773211.4087591798767868892736414277942"
"8UPN2kkbvgR7srHP1nFUtsGfeVPAqtBh2egAU2u3rZpz","5132011806.138585520240870362305180189617"
"FB7q9gzPNoqwuXqQMhovm6mn28ZL9vsMRnrFUA8B8fLY","24773011640.14176139733683425003833973866"
"4zfKE9BdSFyMRJkEkadBYE9F55UGPrRndHu8hZ35v2UE","1252382604.744467087231177550508605048996"
"6VHhJXcj9BnqyQFAixH5LWUz2LWCWAWumRpSXjs2ghkL","2332308222.998636019565185466716279901571"
"8Np25Eybbbg8bi1pty1AQmMU7t8zW6EfPJYceVZwH3K7","21604797388.84505844822550261027983598257"
"DG2SrqJpWQLKcchm4bMfh4JLbaXZeZ5U8poj14qvnMbx","838683592.2636848037860646965095313873699"
"5GLAa8A8scwojLC8SUzJeoHWVdUe6uTrQKd9YduaYSHE","1697632926.350110405843073485890857327548"
"44kQ93YZ5QSkNbA9WWYH4boRuveZh2jqyaAFQsXXRR7V","18332063695.43288193407143473158411504558"
"A3H3MrNqAM1t8SBM4UmmQL4b7T8goFBDvEQTQhpJxAVp","1187780063.733215515860525793531018145562"
"Cc2n55PeeU1XW7QinEvYZYduin6FT3m9S6gB6tVagkRR","8879030918.971072745612238971617368544214"
"BwsfVT43h6E9PP4HmYLS9YkPBZ8Lf8ySGWg5Cw8Kzgga","27691294268.65607497903443521603081632644"
"FkXjWbrEd4nmiCYHeWP2Kh77Z8VzFQ6A59adxbQw1S54","2956420208.156325691238072988722546774327"
"BvLZXRLbZPvWPfrHjzsfdWoN3Z6ijLZmFtqxjuzUKsoD","19772507039.79898062603633109377728457561"
"HquWCjF7kXj5SDMd2ysFep9oo7FbnEd9XkECHgRMyPL9","199865372.2254718337933438425580079078234"
"GxWZhbhupvGYcS8PYAUXrDVZAZSyUCsizxbg4JVJJuTv","2537955135.723144541348305641968035822907"
"91YY1bLEMnoD3E1nYDM94uY5df7LP98xEHjqtutEfXcA","6280869826.262498055892205196012772008019"
"AjeoM5XNPqHCmuGoCwe73ZGwvCKhh5oVsu8zUf67H78L","1304882754.405154439000181319132279697679"
"8cezuXNNnSQUGr9P8LC5saK1W2j9i8mU7MFmq1DVJEK2","298565692.7476622614190515347045476928802"
"8r2kENybTmb4CQoDrKnXC5JfyCrvoRv3VnYgs3r79idG","146491659259.0489122826739252759061469541"
"69V8UivhK5cuAWvMgzUCiF5G87ekEVk5MxMQ3FT7Kdj7","2286773182.805157920720770676268014779532"
"AsGToDLSbbQGtXyHXfdAY7qzZKhqJLmtSjR1KdSfYNCw","25176398569.76174278294947364288046399645"
"4kge7Xv3CKj5tPUDMthJLfEsDpmA1XTKssAHUexsnrcE","2311664555.228126684006934143792543228636"
"8LdwKDGESvUmCeCL3MLyiz8C53JX42af5kto39BwUCNP","101669873.9692824930550231271450831866666"
"EKyq5jLBZG8ALwXYXQpBaNcEWRMTHVqpiC4GBTnj9Goz","25678129845.01119525427524044365794845533"
"28edw79LtFjt6TtkkyFKerwTMyRuiae7jMnsLYEFEBe7","1000002485.821701227490665426164077485869"
"HqsvFaq93CfiayEmgzCKPdkUkd2xFbwV5XheFooK7j2q","3182515160.160743394018509542661480969244"
"EVieMFDtJJaweCEX4szmyUfCkVsrQH2ro43g2TcbKDDN","2174162263.397752450106444577558627375724"
"G9mgJWgCwTrhNg2Ko6w3YzJTF6ZS8aZzqFJyoLeZQcab","500000879.9099402744477596694238820848951"
"9eqQZSuQX7T7iD9MCTRXACt77wsuC7pFMebySzN5QHPq","197349617515.4232601381158433546936638518"
"Doa4uQqpWuWgWmha2C6rgdJML3iFbALcGnDd3LweRTZV","6015775533605.930653279245389922745329387"
"CBGTPyvw1yRa8TgQ5dG8CL8TVbyk3giaLSRCo7VVoDF9","984816454.7379375895591007389425846694446"
"GggHk174iSHk5wwyhJAz3DrvVEALdKnAHBn7X6wZMGmL","1000002389.821460476602051067510680683743"
"HFjZ3PGj48pwPzmwhWzFbQ38jeYjasajzuD6PbxSBHJV","80064460340.89201954327746674467899080255"
"5PMRZVkrjx96cFxvMq5CUPgcUuvdCneRC8vu3QWeLhjQ","1011458377.550963697223504657187512855584"
"d2aoAvQ3irfUHVqCxUQw53S1uRB11zvxTZBtYrxHn9X","6500016238.841261112251593635180307209944"
"5ZWLhQNLuXh78QoarXktNm6C73iqhVQGM6esh1eNbfNa","492343993.707882625989858634440422653772"
"98eRu3mVPmmpmr7WgutuKYP8eRZx7UR33ZsCUcN1JYs5","9920507247.801518956540221516223475356633"
"DiNA3QPvf1pnJK8DvtBo2AGY9HXA4kA5omz9jNtJjkK3","985662488.8596350457693411582197023403447"
"An7wr3wrWtHdA7un1tYxm3sgmhh6s86ZyxK43cYpyxDU","100713106.5698864102933891998826729132978"
"BMJyc2GqQya7f5vo5aDcv8k83kKgejWEBwbybRibPp5z","5410013442.315388643950396686123208022754"
"A93gHLpusDTDCfo4tr52PnKvvT2Td6D8oTE2fFeJWE1q","5042815717.451254692362000466857743966494"
"2bXKtph3L9nerN9YmrgNBptsax5jTyjDCjozDXXTwY2r","2517972783.611092842801679095215682496481"
"9ZhW5MQ7K1tXhCoyoTWsMaoVPQkDAbf6CuoXC48XjS5j","1045698892.419856491878253117279304815109"
"5RXUr9Yx3tYSy7WJgmu5UvwrPQ7LvAgo4bhQpyMWVNAe","358979508.2543632244324813451926969097208"
"CXxGjoipB2wGFnwBwVDpRAiuyRm7uRkzyAb7ynMSbjV2","1503137211.590748619370138571043455211045"
"4JQEnh1DPPUzDt5sukeNX6BZRBNJCxh6mVPEW7Waj432","1814259017.826826495526207079287857424169"
"GCeNq9WpoVbREZMA3WY1AR6qJiiTCMytWR9xk2kyDug6","1550260931.768342954884395528614824651756"
"H4LjsWJgJvC7X9jxJNVu6iDpFU4SA1Wx7CwHVBggUbsN","3787733886.937627471643733853192234352978"
"5MSYdZaWJnAvRrVt1NqUzdR9ELQr6uxG1HHR3nTof4Y8","180000141.4071387271779912525190593920117"
"HzFcc5ewxht36YkizX4KgVpY9y3udYgnCgwJuX2Nbcsa","1613084398.318004074097265519981486986418"
"ASRKNwhFvXUUxWVfsi8UFt5uM1Q2nFhhP5QMsibDD88f","1691406338.734977676454694431742596824007"
"CzTVgF2SQ1PawnFA9iJ4f9o6fJGwGBcpc9H6qwY7zwgt","4160850468.645162163523669664003897263969"
"7AeXWPZnHt8KxwTgCQNiLiZNt412ekMuR25uxb8EiVQp","493050331.4792474141181048199162937640762"
"DjjAhazKejDF7kFcqjZL3e2D17WvvLLZL4xSLm7CgbY3","20011245083.50993926428190636037218845045"
"E9qZL6e25Nx7Fne8reJiGNEnohScvB6rGLWEHYiVFmVL","352634480093.2034617685199589233745350641"
"EogmvNkxioTiQGBgAANmGvEvM3FT8c8ym7FQKD1RPQ2d","116900061.1637815084621671966518801143735"
"5pGoVr3DktcuSH42z8TkSzDs9q4PdqHwqC44aUXWWHb","109141370.7064175739157644080183368952041"
"7yEGgAoqhSmcQ37AcbJwwKxNVwanNeyYDWAXQPkxFHdn","7020630508.445778895117338468074297063856"
"B1Sx3mJMBHrc5vThWkt7qfJbBKQ2Q62HabKAvir8A2dy","2576845051.251876224167891239121332371843"
"6Ao6mrtbU92qae31RCVShrjLrE3iMpA4jEACMorf35CM","15827528024.51958814992952396997727126464"
"HetxFBrXRXXyxUfm3ch5sw75wmZsnjfwrUHik54r1sxp","40751022010.04330284349014177189757821569"
"87HGD7w9eC82QxGrzzUKZ9C6abRfeLCpoBWUtMEL9Xjm","404682492.8690149403336654032042176179809"
"6ECZVCcPqqca5RkcqvDN8NbyrESVsrvHy4v8h86EmETd","9306314826.520265002521361310436595627723"
"8UJyZjmS2dhGJxnAWMfTdF1hQrD3ygQejD9v5aLqCt8G","4059574125.662782766264569045934267626375"
"2gNtTwvQpLfeAawQAF3wwhkyN1DdG2GVVvJCP8JbqCfM","5274372763.153595454337396536896729799966"
"4MV6rEw8ZbRKjSG26opD5zgUrqrVWsoQYCtprqfk32yF","7390983636.223081077740153678329369921166"
"BrXhRDreYQ4wg3BWsn3h6aSb8MMqPUpv3AbkjDkXgfSB","7773198933.748516029820555938629675829579"
"HQcujxRHySishYRuUFurg7BMRwarw2UyPTYZSxSomw9s","1456759131.283081482654143671820885184416"
"2VhfG7Zph1tFgigLFJxWgjgkqAFMY5Expnm2B2PUpDXV","16000015690.08682376849127599102362325719"
"3Rjmy5xvS3wH2edM23PPpPawDqNqHc7idT5fdRQSXQ5F","5441467801.197116359834241523268678659136"
"BxVhQai9bTuKo24YxRddkwHBkS5LS5D8S5Fi8eEEwaF1","5839175113.573665774334617885814578477426"
"GJLzdC82Cd39WUfsB3QB7mCKFXKQ27RPJF3PCPFnJEW7","302465076590.5973754584581081363780191374"
"Feo46fGPj6ESc3uE2tb8Gr9WZBQ77eCdzN9GXcQ1BDXF","9946637535.331458187690888192051534177981"
"HT8pRKZWCDXbHnMCCZrCB37BB9wqggv4dmXnejgf7F1H","475455226.3539706331405425033059748592766"
"C6Xi6z71oVspEHF4ZYMBckmUPTJpZTvWnTXbYhY1a6Kw","1122681876620.974986149898916512501997557"
"2oukRDVjBBiatQoPT9pKK7iaGn5fj5kLS9Sc8jRaPBf8","12821480410.90688745593647674266406181582"
"9mGvGZNRNUqmhnuSQ6PNUvm5cbYTAWq7emxqG8WbWLsk","98710422.54752444300885614127794077545842"
"9cZwwEQkfBGpDMvDmy1eCbDZL6mpBVh2TjDdDwG3UKqU","6971142094.337968546106096766923998184346"
"4CZauZhURPCxiD6qkQMnT3ozdG9chNbwAG1RUPnjKLpr","316727866.2950420023328484190832456735119"
"4bjFFnCXprsRWKueGbDZ85QAnmtu6eM3xUaxvMoavw6X","147619228.2017837472586126755599033014054"
"CDAFRKcRzad6HkFjwpHqn9sis5P1R17WwncBeRBTLCWy","71097780.30011312343753150481026707361337"
"8XE62DLEJAbtkgeCYoUMshwBFhY2mp8PFTj35u2d5USn","304262631.0345322131739115049537513993298"
"BWzBbHYfKfjockCrAcuizRmM3VLRas3TNmbvdGR1vySJ","281340323.5496149575438839755282562268185"
"GkbkGMWRCBmz9AAo2GztKTjLNk1Qz7J3zU3TqQZ4owrd","1721207373.470473526048003343533891510008"
"HK6xZqwmQVV6BtZh4Cjwq8nQkpsiTTYUPmEhTNyegDRm","1417514050.863661793544661441594444569454"
"9t5XnMXnhimbxjKGR6tuTbo5nd6fo9UjKZ6aovsz3UTW","24730467582.44911547633962126525153544284"
"2fHzUqL17vSt6wVfpNTbyt6Xb7vZGP6mj8PTXGiKJPj8","992988676.232361055029417422775915213972"
"BEyGjX3LvLT5qKw7movj3E4Y8BvEbjzUhMKvkgzLUCRa","214051517.8017071304708379731716392625864"
"Fm45sYCnQLT9WR1WkmuxiiUTFsCMBGMPmPzmvrJKJtKL","5936783053.356366887348076858374744168946"
"oQeJDLDNAjD9vZC9FbLAenzKqyWC4YDotGKNwXz9JzH","4937141145.438928505314698933938361685654"
"H8Y6Wd7YfeD5jAzDbW26DitiXYMTD1d58mExHNNiCYn9","1974856456.575567389611069334264454727559"
"GKXjhFATAcrbe1oN1EfpkhX9d9QQFEaoaFcVtn23TeFE","15134042891.38684497491498135660261291461"
"J5nvCdysjMiYXMV6EtwT8TERjYQEtrbiwRzDfjjL3tNg","2171448196.591373733932629506328160932512"
"Dc9uBVTQKuedKNS1YdznVGCHcPKLBboWr9pmBFEkDy4C","3538985835.123415684808328624046481131168"
"E2wByxxn8Nhe4vTPERPJ63HgFGy5sziAfbYvQcfkBG5g","1971327395.725334004545656475021836634242"
"BdfNnh2mftxpo7tyzgfpYuBQjsC3CQBCNbj8yvCraQNA","3055854092.518158862131761540276013239345"
"LLhqkfTuv8ZgGv7t1pGVbHst7NZeqdvjq5wgbvL7cuX","9835558254.765120292939616427669344946192"
"2A2MtrBDsJzbdpTJktUt87QVj7rJBvXEvG5Hd6yY7CbW","7414231661.524838512399379723467846324189"
"CLPShcbE5zvZB6axYW3wJeD4ojydQJhwySpz9TqAMQGM","5236898466.174973867203387243163371186818"
"FEXfdLcDBc49ngojDrNF2VGEEHthW3yfczyoeMeWtMaZ","1544922079.379486356769875333382223959359"
"HNHydn6f2SafoUAiv7i9Himda8LheAUwk7ZxPqP1Gqvu","7800019349.009168258428231781479833235552"
"GoBKGnD7BnH7KmCA3FDtRs3FjwfDKjJPymZ5YPAuHFoK","3660007491.623397727120614679661472612035"
"7MKJjuVmR2FSXES7Q9D732aYCQiDYsZn7nUM6S8JqoB7","31733542343.86832043916777166546959004024"
"Gt7mzWzLGgTcjCGJAt1G1z1B8VAK7PhXxMWvtFvaLLnm","3085329517.437085377445563089839398097227"
"FixZrbGMvWTY1kcGZYjSKZoL6fSWQFHmQyxaoU9Tm3YA","1005092226.585831840046732511955732611059"
"7U72P8mBmpvWrorZRaiTzivZFwJaKPXG4bHoaNLCvV9w","248575765.3821492077123490316549047727568"
"Fg8DYdYCRDosVYJpfKssRVRAc2fhZ9HVU9UEJAfGFTTQ","1008677680.577488817420786283083828436679"
"CqxBXDfSEsFrvDfe7dEYy7H2iHiiZmvvM2pETv3KbAKh","702051802.6163694088314002113372431472651"
"79dcqtGCumcoGCBd6CgHjZKYAfHBKdSxuqrNuEA15qCU","4930678175.230991853505076888047987846822"
"DZxbtwojRMMhsAnzyqiCRYSCeyBNueV1anVJB9LMveST","692556263.8033103036129438706170812611933"
"HUxJU6rZ1ZiuRVoeML2ecAKuJAMu8y9z533DT93tT3YK","2000000083.631144222236049757559367796814"
"A5RD2WKyGpSZoHcYgBs22ZvXBMBmbTtVb1S42ajpKFab","500001192.9107252226575127346167279084939"
"CZyBRh3vdJrnZLPyuRSzBCjwDxDWzp22z4oKqxWryBoL","1027623075.089042206560097439908255213721"
"2Eh4crW2FRDQ7TGmWN2824qRVkBCoFWFL4LAd77zCESP","2288212617.414994299356759122284809376121"
"F6jXSVDecwYQ9RMNDaDKtAyAa4DhVWV4nLZB4tvuKN4F","56473654081.50319745887492766345398679398"
"7tXiCcFd6fDttrpb58FsbJqy9Vqd6kH2ojdGhmtpwtm2","4035881683.246509217913272008004195247276"
"4HvXZRXhmy98fWbwrAVqkQGKUipjpkRWvQMretoshPvR","267305760.3535202983449493594895629958976"
"7gLnZLNqXGMkUeHBBQjNyUGMKHGRKaLDQebKqeMWNHZ","1420264866.762200451444404285259068109901"
"9Eg4KLzP6vGUMJfjGBj8wHrEjpUDBdA9umaaxpdgjHpQ","387776320.4714543098142147682950683546734"
"GmRC6EhKtBEcKM1bjCBzamWDy3qmP5z2Kc9tYjQuc2Pn","3840825010749.368940168458925161263882562"
"4YVgP9JUCZUzPbENcoBF96fr6ZqmzMSEidjKNNyBu1yE","7478387472.415773378355408283848558050321"
"BihHJeWCjoA7cGi9JDZX48n7ZXThfRRPHNKdm9ob2xGQ","5794075972.473342163461262556807555576142"
"7k3sVHzYrbdGc3MqjPgzC85QibmnDK5jhkjpFJsge1tk","5081790907.193838367636802937029362437376"
"DkdeLh9L6xkgfgsWZS8SpxRPsM58FfTVkBntWLD8R5Uj","1479151183.438216220666273978347756246414"
"4xJZsJHnvrG6Ueu1SBHvzmXz2hz3K8wpTCVSypHNj9f","92659203414.1835047252705260041994169962"
"9ALCmqULtKiAQRcsReYyhckkzWLwCty6yyuwB3bFeB6B","6943690385.494148505257424017613694863446"
"4UpWkecpHn2KLu5i9NpSyMn3qgAFvoFanf2DjRGy8xq7","94527366.05719067618866335318544549775256"
"H8eiwEDgc7kZFFzZuwkG1gLUY427UnRHX4CXK3FFkaSd","1000001359.818877420192959511125277494264"
"3dHyo4wpJhUyxNVNLXBp6tQmi17FT652o392szYR9hV8","108993652.3359671597039328292426200569403"
"9kxftd4RoJ27SFNZM5ehkHzWqAxFMT1gtJHHdg317pjP","702161280.8909207190785122598432338052719"
"4JQXErhaJDaRK4nFa1iMmAzckwUG6qejoJ1KuD16eZ5V","5015150419.071791510385700109001924298445"
"D2Ad5DKMEj8y7JRqvXfkugPRLqQJoJsSp3rQwjqq3Jaj","7877015735.101896223768455199816104998719"
"9EK6hUYp3vrio4JrhcBCSEdzrHK9FcFEssvrYiBFgcFf","736623924.3168709448387842507863264177292"
"BgHVxDMmQz2hH4LzDuDbnz5Rw22m3PDgkjjiviPVfdEP","403672895.3371306341814422294943796745551"
"4VGprRUsZxsKHSLmTSN6ktMCSkRfJt1GJkzDUknCEtiw","993020901.3131756111293935436687480110113"
"6zfowvBceJodSRrmwpcNmJR8d1JC6vYfrpzwtxBaRJuh","29523787715.21148387648309005991805858151"
"CWviG2PTNJV7Ei5K6JjLwphuARkZE14vrDSVWSsnvJiY","1366416476.720375018292514393929723584357"
"5PXnqfDJku5h2hiXtWWdLffUpDaqKTmF21VEowWbnBLT","300000726.3464617165051254762046826419978"
"GuCShxXEKui6UskiFbfgLEEkdFN4XYByZpnrJEMNQUz3","514262896.6764465156050455228694798366842"
"DNK6nvgsiY9z1cwZUTGVekyCJtWdaqhS1xPxWHJfdc7d","5100012679.890681777410257752489268854649"
"4gK7ccsK7K2J8HWaSWCb6GVWLJj9SUuYHHftJ9pzRKk7","2576845091.251976537038147221893581039396"
"2DVUdgYPk8hoBrjpUbb5kZSJRt4Yu9Suy9xQqkG1cTxu","12013262508.04552975559996389603066598491"
"4aKic9buL4vxx1ppHHPNGFWBhSsZJukhvSHsHENhgBG2","1168471698.31139806380086296562911982961"
"BcPBMu5t1WmqG3DJNQmuHFrqvLGN7jNMLRxD13w1dNrV","2122815506.629561633951140051032219438513"
"GxZhyB9TUPXkdqnDGJB9aGTp2Y7hD5VyUmgdi5My26kD","1140607160.432278982901268818771993298899"
"HeNJKdQHfcezn98PsgFKpF85Ky8ZgSXCFmzckyT45TXD","226242237112.781575630268698917470284368"
"83YeKKBmzQVgZqUdBybq7s6JCN1ZGVmR5WZ3mBby5RqF","6423220.108250736992739165968260458465276"
"DghTkvPh63J8hs6NUUoATB1HbXCuVJmGQFXTBXT1Q6hx","3000007296.464699923169215947833931570708"
"6gdkc4FrKMQL32ZxkZcXynGvsEDHUMKwkMT3tBixEmLW","1511141442.663883107982891607125444201666"
"91gPM6MwkSoyRedfYAYNKKPqy8YTnsAdcVLhk5SFFnhn","1969239467.48919527945859853047796907512"
"3qpEZuAzqJ7ENdZ7bKpyQn79jFa2saVFHWAn3MA7n87r","170465428.4958382124743381837971649383304"
"EvXkdpjy9S3jkcqUvrPg1hfkNLamybh3BpgzMP5JAQH1","12260030318.89366261882971160051110821594"
"69FjgDNbpBogicEyHRB1DZUwCQhZ5UQP3aU8Gw5pu16o","71563.1794672483532223782607849016143891"
"ArSR5L1zaYxzCYihfXT6tqqXWe4EmxnhU71GhPUPEQoj","7222085103.656728712794249443888684952378"
"GRPa5s44USVjig74TDLN5eFfEgXeqRpGjnvE7hCSVwE5","6428735642.082678046596118468084729954064"
"7GmjpH2hpj3A5d6f1LTjXUAy8MR8FDTvZcPY79RDRDhq","1200097346730.6883313613833208206259477"
"AL6E55vVjua2ckM8ybwN9pwgh9GmFenb5D24af96Zxfk","148383077789.377557675374791916176179721"
"4yp3VSzqrZjeRio5eH5f24PjsgNa5qh6N8wDwwZozeSU","2000003420.639512823437155120334212887387"
"6xfbcVWgfMyYZjugaENdiWyYbmNTP6zekB3qx84fBzQ8","8515703208.812221530398957965257021282558"
"7ev4DMu5fkbqTN5uSn8SBErBUXZzqFVjRbZeuUEKRaac","134045526762.4453299148591661253863136511"
"GL8LycFTRKu3ffp7WzMn2n32LVgaJwynBQVaZWSWs8ua","494016675.9026609058407774224243412662191"
"BghWG7usDt5scESmr896qWX6gWALGExmguBi6ox771GY","131440584.628731155707271499294663001065"
"2a5eZUeHd3yTC3aAQ8YPCSKPGsedFhRBdcdpCYd8pUTA","999000347.308522763819426639909309824309"
"BPt7fVVqnm1KnRXAxLsfNUcHNEGBtdnR4JZ6ywNMpisL","13481179426.31028201111720959041456673676"
"53CXmM79fCsCWqQE28XP2phq4iy4wHnyb7qc1ez49Zx3","81336521632.98700314321995202813696458588"
"DdhZSCwfumYLgG2ZKTtVPCbdmvptCXEQTdANuxj1PWHP","2953197211.073643756401581510048527109567"
"6vXyvxHC2Piho7UhmgZUMhBFJqSkaSKdnMMfP25XEmBt","647542476.9170393109353173801728776169612"
"6P2hymauHdhdLakZ3pftrWrLCJBemticP77Kpwsr9XpG","901002095.5469912332438953718704021050084"
"H7h9JNHv6Wd7vFmAS6Hpsi2MuAmzpMVpTzPfSmarp7YF","59459387383.17135245188870371669245711428"
"BD1k1M9Hj9zYQZ8YVEs9KRowwXR1prDxvXtFgrLCBof7","3901191426.468199982017550518792182407331"
"64Du51XjfKoYjGXPaZfb4rhL9Qz86FpwiUK1dpLJMLU3","5000343398.938517396347136184529618709511"
"HZr2i27XhWDKz57hKvaGgk5awaUsb2CJMeaSuXbA6dYy","8000019995.573883172496770962366997506035"
"5KxMmS1YUme5RWukq12t1EStxxyHDQJkZKXrTqpfur5j","273762092.5448100293355910643252704543804"
"8oa4kWBdzMSbG9hniTyGucrvGzhE6ACakGbVGB3h3UAL","109355196.2426525609779023149201203809118"
"Gx8PUwvFyHBi7twMjBdqzzu4fB5J2ovqGFEuPVLyKPWd","34128129199.05027352694138057973857505974"
"C8asvtaN7yjq6B2EwszFwjiYfMcM4ZedQvsnxon1xUJ5","396676291.7909400428608052155889817503958"
"FVVd6YEuxc5CCWfoheHQt9UbPq7HRs6r3bbT53xh94T4","5001790154.566713538061725877437225684909"
"84gEa8jWtPwFXo7ZFeNcAAoGMKrTPXEtKBYxfh27N7PK","18211624253.39298632001781112044946060933"
"En4XXRLvkX84HWYy94vwqJ22yEgC8fheExxSV1MGPh7F","9843202390.935203214003422953998541594933"
"6roh4wTSyAvtQzMUiMp3p8xyfCDic1H37ceoeVLZsWt9","11893005093.46212541239848468699871676345"
"7yihPqQZ5BfKeAR3XMEqokzWPApQeuJ67CwkymZMo4Ki","8492113525.653649237913524269664469629323"
"GxcRoM1hMXZB8uZ2tXiNA8KwEsEUWcN7WevW31DTvNyM","1535408880.522139119333402598714275348827"
"3idaWrbn5X3PUdrmJMr2LhD8yyjRxaGUhZMcE1yxAcPC","4144864254.554687204734541209764628175466"
"2dwxMG4n9nkArvoGvdwcVmeF8PWjEm5mbt2SsiSJoSU1","257425942.5767604642207793249150643656623"
"81Ffen4oK4skiQxf1dpwXuMguYyMB6z6XWvVx1RnKNNp","1000002485.821701227490665426164077485869"
"3D8Jjm8w5Xt4HdmjJadpszSMSMN2afxdLwxNDB28rZvb","23469607467.44461703527041531655331935459"
"5XkmK4EemeLcz1qwCW3GPchhphTBirJ4G34cxdDL1hKA","7588300626.057680135246988690588117255279"
"3NhKjMNvBH5gGMK3Ha1rmgwjMsbKieBE9XnBujm8iSqR","9000001678.343414183989056148253849214502"
"93G4jUyvqJ2Jer5FuR3HgY1y1nSMVPRJ7Rv9zJdx76JG","16210327603.51029319783906658451386411344"
"t2aGCeo8hf9PVAqUzRXLmDYuNkevP9ogRz4UmSTnxVk","25559482335.46513566452318426027355277262"
"2JxnHwxLhme3CoacMR4NA8tUNWpjYMvKuWVXok5tLVzY","3064614668.488066781445034024129851297805"
"BxwsEW8PHM8QeRmtrNKqWHQQWiTRp1LawXJBPfGtVoCV","2572071036.279527635651078172534941322533"
"J4kGQAeF7vNWPFikEhracNBzDiGG7PmWdZG49zUbAmBs","1436788537.200516752319263260971027685068"
"J9i1UhE93BxppQwkfeSPiFdP2BX6QDVbEjuKQG2v4srt","163135385.1134420425215851799961805126354"
"JBFb9PUwPcn4zk2B4FFcGWAstkxEoUaUm1qdWJBS5jY9","575310971.7737534901889533623800136674753"
"Btj5yYE6vTHkXbPom8VahT8Q9HHrvvbkW5fuiAcCvJqH","100000247.7821681164916614229609627752358"
"gyRTkf7gSLxp7K1U7iyYzboU19GMNMjFxu9JLukVrfd","12948546011.56396613858305531563197910512"
"3TgL7Ssu6jeZYLABuomq1rAM5ohLLrDvPtW1sF7KRc3k","7799732.56028995507255391209928856148389"
"BmoTSWKCvfbkX4XtEJkLPyf8BtfiyuBLPNz92HYEcyCT","5500000329.985897393324776790218883110121"
"883AnESJiUVzCnwowgaWCpXp4EGsK4JMVzUUUcjSSs62","73008248.09121379963392188027292103575764"
"F4MmkuebDpACxyZwfxwvPerAmknKevqo5b82wQtjeuSQ","9126941240.684412028102545805004827479037"
"BsYEUUgagabWuEeAS1KSPhTqEV5DqNQUPMqBLa13CD2c","268455172.2360331955464219161787810691994"
"2gcWG3kq7VoRT8Ls1hQ6FMWuTZh1HqrDQKJNZCDLUvzG","7084495305.606905028278259165944971528086"
"auDsYygWBnprKCAY5WVU2MtDencyTCVZu8sDaUtNZpN","13826859040.21096446265955870305886653666"
"5WMnCmF5eaCaEUWRzpHSGdMbExWZLN6voh3APoCkDNh1","994154071.1549564673634242956863946245919"
"GJm5TUTmQNs8YnJFEEs8GpcwFV6dYxJZ4B2ipRMSTPjt","12198009963.3580557225771433150908246182"
"BGRRN6c8e7Ri3Sk2MELrskwz3AyTgvX4d7hathzszD44","1087188629.468460794311784990274342193672"
"BYXoisZ4MTPmJNofZaLcyY8tmkYmmaMMFu4naBtapiZK","100364874.6965851322406107808095291508217"
"AxyVpZis1wMFKTvj2ivs8YdeJYGyn5a8ike5R4yu4RGf","11699807328.95778335117910155444734724334"
"F1LLzfqBpj47e2zj4LWF1zehMRph71eNVNwJFLoPxqRy","8758957514.849132683805844510622352231463"
"2Gm6D6M7F49RU8BwoJNPVive2RSfuPEVwJeLr2V5i1SR","44459361197.87367587666827034266891250545"
"43JmLcF5TpzR5NCzXHQjbCDsz5PE94TouhLFQFUxfnLz","3198013564.027880329640120493204493303954"
"2m9Jduaufg3ck2df5tK7FARoqewNReX9huVxeq2XNGPH","17751206758.75087186615653357582234983201"
"56FJ5vCTxLfJZGwLULsYo5X8oBp5YvUnntzPCycc9b7","3158683103.394342818969243035613271798032"
"Ao61PqeCsUyF8K3cBcApcss1zbRGfSc5b3AV5jXx7znY","97857500094.55232308450397915484039996544"
"GKQLTBev3jUUkZPuAF24QksffLcS7J3AaPF3hmnEvoTk","3635393329.89562223292597581951327246913"
"DVxNGw7xGxxwwvqq6uh3bcnjwwMFz3QLQRMuRdKqZ6g9","33323690554.66659869165618363405529421341"
"7TrPyhhY2oj2Eja7EJCVSLaJuW4CHj2AarGuPYNAr5hQ","4278765189.353522571868954654193684200546"
"JAiyWBemeBnCCwirNCzDrs2VKwiyQYi6SS8rnaZpaeF9","1007321529.176511358123023167596678334607"
"8FyfFiyAEGndzPKhyZ2Ai3RVJErtRKSi3e61HdvKMZu4","1974856465.575589960006876930388210677758"
"5XKgA1JtubmpLvPN3rKUiSpgF9sAAMuKoGqW5jsMqeYK","12147433731.52219924962810412909841839621"
"8wGQM3sGicgRJ6f7gQibncvb7RGW3QsqztLXqnWKq4ya","5000010876.104611490265638599687832911618"
"GiP8V5utjmvh6oT4fVWJAhYBHTW19GCTcTFbHk1QXnS5","400000049.1263100978721172975573949800805"
"Hc5j6oXpNznoxHSYU9ANXh7zdqWA3qXuwZDq9e2AndCv","3201195768.008260691567804341170015581915"
"5fyFiQSopDLHzXaGzFxt2sWwDLYLpgM7enkEPUDZ2aSF","18252492012.88178567769296447464106674596"
"ABfzuN1HZxo7BCJ1sNrhWcxgY6HrvPCuegFiYRbrME8w","5227631104.934142006894915428027814704316"
"5UiWv2Vj4bADNm9gTE8ACjS4dM7MZksc89u83yhf9Kv5","4792358209.350041988405838688061259617782"
"6VZBohBGMGwsYu2QsXqvfZJaZUvcJZoW5h7hyPhvQKH3","10013517791.05479794400864655392262914383"
"5AD5iQYuXj7cmEybKfdJ8prSCX1q5J2XJRH8REA6H3dn","1210146111.823136856919241699819030431635"
"J5iWy7bNpHkRo21GpAXDP5fGy6aTVP7tBSX29UTr3PhU","10413707484.65670139105140377298818185741"
"6BZNQkNjzeukQ4QBQ37gZoeByodvenxTy7ZNgtuFR5Ha","925780833.6874940008197497501585200262082"
"3v5kAKpLuava5qRjQzffrYgkmwVVb8LA1VqJwsBteY3D","6405514902.849349036382011071035682122027"
"FcSFaLnG7PnJzXBHuUrVSNpuNZqic7RX4xDhERNf2qDf","1085171928.410946689467799168704370728723"
"6orxf2mKg82A56j5rgDcU7g3wUX7jubMvwpNB9gZbRPz","672503334.514264068964904920939872688324"
"2jWLzUfegBBPag75zxpMWqk5xLqHrW7nXVCUiVQ9vj1S","196963273.947544884941961355110311250179"
"54QaTyNKDvNmUgkSVWFY5ZCwnAJi5sRtVew4ek8W8sHp","5375267473.178909819058216721496272051998"
"FcAbtGbsVrh6prp7MFkQStEr3Pkhs33XikkUQTSJtmaP","197485644.2575532280106479740294167693916"
"HF7xZdt2zjGYawYFFJQcU2NQgBVfpfQGwuDwqQjnX5tn","170000210.32915689842739974986695561823"
"6rG4pQkWKBRUnzTCAn35diExCEQE8T7vTGV5VM6wmfFE","2982101170.5594404195162595856040981109"
"FepLo7BPppy59CMRr4LrNFpNDwsqZUxp5KmajfdiNGGH","4460723550.67151547975492851568585687896"
"DAB2P7S6NyXMW8WzTmCjGTATRkT46tGZMY6cfBNWNrej","17592104093.7507476988850555326992724675"
"AxDCbcjmsKR4ZgjYi1HM7UJYmfvMCvjRYDU76tX8Puum","4153298.41570600699325440467809905197131"
"DAB2P7S6NyXMW8WzTmCjGTATRkT46tGZMY6cfBNWNrej","13306540964.3492459292870715016811163927"
"8yThTQiaGVH7ssZDeac7WCYN3fXwUUCCVg6nJxA25TbN","35029426552.33771668851454358625459805398"
"D1xyTj5f1nfeYsu4TzuhACcvmhPrmvFhXRm8FTWDf3i1","1095750720.940606220127845359953066989523"
"HcDp1vuMM67Vu5keuB7vmTdVd7eQpYWLnhhMQCDAmZ5U","558884845.5800601547203339750736547860059"
"HtJDxPg76c4yHA45AyDVRUXiHUciqB6afa67LwEzDVKi","111256967410.9437119797664395547609808974"
"EEyurHGQGkRigrzZHgfyS4txWdu5TEVRF36mMP8LGVxA","1947511066.998376450081042394021803544701"
"HyBTUTtHzVEbwntPPKKE7Vpqf1y1eRNhWPTUJz5qH5Vr","501169310.8401494336341956347480353627551"
"CHceUe1jVFmqjT6nYWd9Bm9Sk9udMhkoXBzap81wnRb5","27021836801.78028488501672246212410742989"
"FFoZGtB4otRduQWnwnSH5MNbWjguJoH1X3X2bA46paZu","83584503.61451098649798236419174555703608"
"5ULKoLBYxr3aVkqsZZQe5PGzuuTpLxQYGMwq5Sybhu2s","825778078.899038775184794606946872012115"
"9wJmMG96p8aGxhRF8VYhdVundEGrVZFbuR5EWaVEPkgE","2012675077.417689687373847530222262283296"
"4LwZubNC4ZFKKmdYwEAsoLUfqx9RC8pYBcAQycrdqbX7","5405621722.301765265974600567887619806999"
"HFUex3SnvL8QvXFZq2tkxm529xxofNzgAiPvaXx1zCNS","9000021763.393783783966341497769211409336"
"FWmH9ohZeRmXxRVBjWpLnhrUUyUfZSMZprZKFg7rc5ym","119275981.1221503289964935052623981018006"
"6sy64sG2ZrBePoFfPo8SsjTwxpfaZAfqjk2VHfgb4rM8","1605837700.144622308431634620007132489947"
"Dy3DngGFdsxvvKa3jfR4fpecrAdmyziL8H4mDTDKZ3SD","103767981.2309483358004722876569304212285"
"DC19XybMvfzQiP9BmYys2xYcFpJsifEUp1b6WQ1mrusX","30000074816.65164371758501148069442901477"
"GsojEtuG9KScjYNpGt1AJNfbo9TbRaZ78UaZeXmaX1MJ","49000118806.25583918959516357369045295784"
"7Wx8FRE3qvXz3cegyqchMm23pGt2fEzyrUyAHS2EBmwP","409793226.6857922550218286474412796914489"
"Gw97KBHZiXcUtmVv4LXG3HhdoZt4D7zG8gCJ6QkC3NEd","27617583964.80423488403317010605124404188"
"B62WZdNQa9T177FMgRcUAT928jpmperVoXKTeAEJXcod","1000001608.819501867810303003882525449779"
"9yUY9vZTyvTx2V9Zo2kUjBDrQod2LRivkBH1fPmz9132","1828071433.46581607500624657265843188507"
"41K6HS5xSYKCZVk1r7GsDKQa7D8YGm9PWfvr34X4xHqE","149123362.9738761935336532556889176642766"
"6XMrjzcEN133nZLQx1b1FoRjNbqCE2r3ZSZDzXRsKUrn","5087388907.232589450457002319260099385921"
"4F2vwmNMiF8g9FNH91huxFbDfEz5pnbE1gRQUeZ62uBS","140396050742.3875919267500873856608977767"
"5pvLHoXPrkCr4FLqXdUnVJ5WHiDZAuG9M1vbxo2Jj8rk","1010274420.581818097447208978815039267194"
"EeXnzynmMPgbbWSXjg3VnTBbx61CzPV14URZVtGiWPE9","221017187.2703207635790107101585301349656"
"AAEg1KabbsZiRVb1Bnz2g9C1Sc7ozKHnnZLg6mTNPseL","2725668529.473696798105416052984764527746"
"7PWeEuQuPdcJ6uCcRjird7mkPnZqnFCV5hqDzbQupUTa","7000012020.738416511385228300281096615264"
"AUQYemMuuWtiL5YMYJ6jB8FA5vQou9sVYbgAfnorkKTX","2947685497.251282581654075364974003372048"
"3dt8pSCQxKf8Mdhpr17K1x9HRQaDm6QUfga8ttV82xmc","3540486146.885920728508653650717829092703"
"EmGCUfgJtQirbffqLjPCreTpwGMYHgQjYzcw5Uzus7nJ","20461717.3142111669813496876576101431814"
"CfLujfx86a79WpxfRovJJyqkASUu9Z7w4uEDKAaY5TXa","7803720.570291148237075394492480716475131"
"9BRKNKYmXdwY7C6sQtojKhkL6PGpUYw2q4HVapVBeMSE","995663736.9409196757731108936480934932948"
"5kDweMrdSapqDiDNgKLPu75KmgHYPpPwxgY5ey9Em459","188310682.2484415901717399632189761166378"
"7YNkTz8ZFFxb9jjbdVUq7xrVTg6KzBZ6Wsb39VE435MU","639830845.5776909604233219235205855567018"
"CJPrTNLynHr5uj7JpKXAK6ffzgThbRKMCeNQSBwvJbJS","3299121184.587135024515972978790630771429"
"Chkr9kCrYntMNt3VDSPYv3i45H7cnkAavQP92haRjBa2","985235382.7885318345023031096880234643332"
"EWjkUFgyg4w6H7wf7dsyLaQMsVuivEqAp4cLXoGsWP9u","2688660034.663221092924082541656445780967"
"CoRZCG8QhUTokW22AFKmfXFbzQf8X3KkCn5baJgjqFcR","2500006214.554253068726663565410193714673"
"2nLCFp1jvZ1ND5WSrtCqr1f3xzeJrnLRRXQopgjfr6mg","500000572.9091703731685450016468735614291"
"C9axRvbfXTJVPhFtVb8mELCLhM3tFQGRzExMUf4HzbgF","1018591156.438656916221853021366968379024"
"HJgNUB6rYddxM9QamJkMYVz6K4QsfgKdATsiceRTkP55","343336117.0236247358157660396492455138981"
"HYQ8xu4RVzZPccxP4gXqf7vSEmSc714U1QwwVfs5t6Da","2002217993.193252127041680120094586784701"
"58c6GcrbH73usyhqyDrLPAkQc1XrqVG8uAda1tcHzwwJ","454813887.5893020144529457772964168545902"
"BNTWFrMPwoPEhETkLnjmJQoSBQ6G69mUdXYuit82H2G5","2725553861.186129892942590239779509254793"
"3ZiQCXiD9vqsuWy5qbgyVUS7femrFzngQ41ABaSyxCjK","39205567955.32972051568136195641003744105"
"9bsaDhuCiBt1SebdGBCBp8aVcbRtrSbHCMsYueDJabEW","1824534107.594855543124191273099932858703"
"8m9n7bJju5tH6HWegP2xWY6GBbVEg7GhBGgFeuJy339w","17860259726.23559047334130685846321278597"
"BhoG38ESgFn2t24WGp6Fkg8o55q7wernQVtzW4cP9cFW","246463435.0848146161256287969007375731898"
"27XrWo6pacmMiv1oRohS7hz2uN7aJpR2myeaVrY5Jbur","518134099.3847085442267634241103820575988"
"2AgYhiLiZGUAGnzVCg1jPpD1NuPiGAE5hymt5oXszfdL","4277464811.092413855390864717622157483711"
"3VzGG8VHMj6PxQA3pSWRbw67x85ynVGqEpg7ijuKTqNu","4937147158.454008037535929544176642635494"
"5REUQk9zgg3X7pL9fFmhuBSa8tzVAuzbLA3QS9vA6Ref","1428848489.288341787497503781669944432612"
"DwdEsBZDCQs4qXu9RC1Ua8BuXG9hokKhtJx8RaQ41Aik","12305879690.87542683818495941055177134965"
"Fm9SK2ZLjRboxZvvQr4ahfPD9ATkDnzNXM6ueiiHH4kU","128891232.2354257923170550867683722392043"
"9UFSwhPVQiaYP8ThkEottYHfuMydkbCMKu2XkstTi7jR","30000018.23450974614696441105021007632828"
"9sA9HjeeazNsSWD6XFoNKoHjsiWckpKuvnSaXfjAeJm5","13000032337.68217112945729133065774408345"
"Dc9ogvsvNWbj5SqzUimbm1igazm9tsZZJDNeRNiA7F97","1365745260.037087438070777482057488801898"
"6UAi3dY7whtxanqWsW7QuhyWjj5Gzh6FYQsmBUREPncv","5435181820.43303657286802284931629035685"
"Du8qFCcv148s2Mg9HeRPubKVx3oubng2NybyLkbLd11x","3159169465.614049516233493962954126786421"
"9foaU2xYTeA172RMyXS4Wj8KpiReM35HrcHtFkx4BuwE","5218496288.025706873466668127015443024011"
"HTD6WMyfKnpCELYpnm25CM8FAzEFQhZCtebgwYk3iHvq","8100020140.355792983347523229689419962323"
"GSTqp1iPSwkhpoA2rVUfACBiEiL5BwSHR94Qd9dXiTgB","6864257920.292183670339632600774215330475"
"HUmEAgJ85KTZXsUxsrTSM4qTLrZFrARXFxSAbCH7LGxP","5980011700.765837488915358195365819026747"
"8eEyD9ihxeqb4sdjyxCdx2AQvGoUNE1ybpNWZgBbE3o9","835191336.5057517984649379855822185258613"
"4yBsbNbLQDh2HFWsD8FPv4usTFCzt9tGS4EQFFzVeZoz","1905630948.97076869038424665526589518683"
"Ct3QFdWaJzpxQpryQcETvYosCkEQzzjqcXmCYewrVfNy","2094352661.249997749267145190849810690101"
"FUgHS6zkepzA1YE7YcSBUHJH7mhHLuFWSEirCFsrwcSa","7793411.544438013750352234514692871488997"
"6xYggxKHBJNeuRFwSFTZGoCb24wEC3tYGDMBzTjEr5UT","6425044273.825407635714760713457999749372"
"AVUqDb71oAPnnNByDuSPaUKJwTcurPERJKMa1eXJGAsW","8335464347.806418101355017927527220153496"
"FxtrzVLVJpKy9rE9UphUUqmQ31YRGkF1LxQqmL1WJ45Y","70895310373.35590946375117553034100128776"
"7ruRaPXcXrPBxPAUvc492GyabJ7z1JPnbiow1hMqzweX","238090411.0868155263267657972404834813828"
"8ErWKbyZydp8csGzc2RnaVrnVb865nXiDNCRzgA7xZhf","1010281519.599621124095889521319871541086"
"WCo1GgYnudUNCaiBajqaJR8k72LQ8CUFJvcXDFCmLH9","50000749000.65171768833013345035188952924"
"vfA7XVjipWoMNyoBvfTzYhCoTqpLXq2h4ucL1Vqjqpp","276519082.4588319787593448488864758315662"
"Dw9WvMFEXduiqjHUEfWgrp7PqqQNoQ6BErgBgH1LvUjS","27197905950.32921892075786556458356877679"
"Br9E4GvvJb4dArUbTA7AjVnpKEAsMD6BPVGwoUJwLDUs","500001206.9107603321621023285870149421373"
"7MsL5zLsNHrFaxm1ip9LBUmr1zbEqWXBynAEQQLoumsL","1724994086.966852202293278033661851909696"
"Ayrxey5pWA1URzbJXvBcdgguP5mmVqvzTszFGt6bcr2T","1805612554.143091132479202248105018159682"
"B84AvDVLbrHsTWS2bkszUisQioHQRc6qbsA5y9Um9B5J","5441378320.972716469071608061748409344037"
"HELJa3ZZeNk8AvYmDbmtouVqsEsffHpNb2BCUZqGCRMm","274787635899.6835170180406314855002686168"
"ArsiPa6X2NixQ7a84rRhAhm2N9BUGLLvQ53kPgeAgcUh","500000981.9101960722669124254931161871541"
"8FwSXVRHLNbCxmAAjYRZaoNwPavVEk6zCUzoiJu8auoq","16261078785.78489308707021042062888004348"
"5ZXdKQrZkKxwp4eujcuMXadyKYaMyF5h787jcNxdBz5G","709615614.5850140551341677327138904836905"
"6g4MVtk8Ndm9Q1EYhZt8rgFiv1JiHKjfqQT2CMqAPWwk","2749943067.349758343926363986647734165489"
"D8NSdKJpzYgthxr3CrVSbNBawMmLeCxsYafDabqtPZ88","1824926139.577999414107270827785367591243"
"BhAwuKcoWW9VeywrNb6XiGq95pHnvyGPbHifCZF8ttRR","5339003872.236490477644871189814315069446"
"2rst4qNBzkkRcpAiiNwMj6hgPQRJZeAH2ErC1UqE8Yqv","987791533.1988853701925237943579752767532"
"73tVuG8No38ANj7VqdJNKYTh1nqV3GsGvXvFU5rVwXmW","716025647.6601941466252657782410714667622"
"4Lgpg7pur7HuVugZAgLJmxih4AGBMyQtWy7BHntSouiy","11943178253.28715166217379307316505600838"
"8gpJoXXcYHKKe7ZVihEmP99SRAkqEmbsEb4Qr5fqFQga","149216192.2066747793584688748157066702149"
"95CXCenFFFBtseS7BnhtRJ3nhwLWzwaEiw3WzTaqQVaX","1000002492.821718782242960223149221002691"
"5Gc3FUyNSXH6uTJmLse1pAtAaRMp2CFqdScxFiEjSKu6","50501512.64847453913261976700120145047423"
"A92xKcSTU73NYBHDRnaM2qGjUtqpWxhsjKWjDF2HWiou","963801507.0363267001065737235760219902428"
"Cv936HhukRnEqLSBL7Ja4vZAULsMBw99RxRdLCQxoj1F","1954243352.881707118215414447615924931543"
"7RziKLNnp1P7nukUVtjqR9djgYKSeapBwyx3QLfDLem6","6238195574.243348789142306684972392128707"
"pWgNgdDknMFiJkdAePkXkDSNNUJYvvzm9jbxCecDMQG","3101747495.610344981243038786438703398237"
"wVvyqLGK15q5GjHhzTVATTH5R2Fj1AiuVk4H2sQ1jR5","5000011862.107084202517448575023762566789"
"HUZYgSbcVDvYBsht4WbLZj3wvruV7zhM2xycHJE8t9Hj","459995263.5832368736566873964632382592747"
"4F9qHbVsysfojqw8on93jRgsMYJSigLnV8QtX9svEQ6i","3544612319.233599562537813338395494243899"
"7155X9ucVE6rTWtx816NjHHEhGQUSvdQe8cAMuMfZjp9","9835831533.450452806884977928533629231973"
"HTNk1cvdYwmhAZ9fxbKXJkKi6myEyEMnfbA8R1YjAyHy","822278887505.7124761491914279471151717658"
"2BjzWytbzjMVLRuU4bHJ2QDphu9PFvzqTauH1F1kbzcf","123102030.7171766818515016536196981726853"
"6qWP977HvKLis7hkZdSGgsn35yUGk5FS9SUnAgLJfojn","4517889365.032828932734852016567344343928"
"B7Fy9qmQTFtyhVAePx4JcU26Aos1XSuvKnGsX7TEaJoH","190000348.4858127147333490362996789719061"
"CfoDLUP8SXX4ZaZCYDRLBiQYGDYuW3EuFBXjGbELjY7h","7946053948.236994954952176945176116024672"
"BJ6yhFZhEg1VKEStbHTiy7GS2aEph2ax4xN2qe5sgGuX","12382273476.45694392094055876453117265004"
"3w7uBhRGtJ5d9KRuwM1pwydhTYmBsVpYKNh6t2o4vHEF","134209741660.2659906216316503671364719057"
"3HooK7gMFTmuUH6MLq1BSxizcvUT6BTUgh2k34c9cLn8","328875994.7603064656069435087955906245614"
"3xrvg2MbgT2vTBxN4pUUonZPyPp5edeoMN8UZfPLQ2Xh","2080998699.760726577473757444622195866161"
"7e4PrnSQw4mQDzy2wa4wQK547dCKLKBzwLHEzcfaHyUH","29771273363.85982147803967899689586384421"
"J3PdjxSxbK5LgfNns6vBGqsHVPFj6yBKn4iymJZrjxw3","1006764692.780068430398268992969508418723"
"B7Vz1mtAv4EHijyNTmgHJSLoHd45y1tUNKg5ruU4mhqz","6848876174.717604205176082606355829479457"
"qNhoj8v2rQrgC57nZ9yRg9MxaPiU4wjNZnRAcJBYmvY","7796825.552999717226700364126116647100857"
"ACcUyJtY2be53TZgNFua4fFXWpUWGepizLfVmPjXwM9d","100000248779.1706167899525533315610732746"
"Ak51WPLkrJNWyqW6ntQc3eGfQA7ncsYGABu1eiAveNuk","10684642919.11277454483839585832674265829"
"2efiMadpmG7JBEGvjrCrngkrPWFfgWmkUNTo9ZQ1HAaZ","2033990419.872635185518266767760480982167"
"WiechrR6YfcHv9ncZPsp14yasD1KrtJZE8v15rGYWUe","1141484896.633479404432888384194792438589"
"7dWwbj7efvMMFRKHVZ14Ps3kJwAsGgLMgtaGc9RcbAPA","493546912.7245815419110029459973770954579"
"DUgoZGcNogfsUERWEbR8Dh2NwMeCDmCpzrPzoAVnd1XP","188445807.5873110050052317657215061926637"
"6pR4mPCpjCaspD2LxuFy5iqscYkL7K6TTyytP9MF1c5y","47000117482.6215852683811783501913764669"
"rDA8UbBZGxoYyyBZqkKkB94zPvy9qMcMJtG7NvcS44h","1251579461.730332613974671058344427378028"
"BgD5Ji1XfVh8h4kvEKdgDiQhZLAimynESHq1c9Tc2J2n","85840220682.43313916255312371008375398269"
"EyDkX2WZriLF7ugHd1qVhF4C3vLkSHzA64QnVEJZeR1Q","109336383.1954729102747572175622658142493"
"8QqxfpAmLcTfVTrpmufiGgvrzaY8PW4WRf7zqDXU6GzL","2721063339.924731217612760274520405967502"
"EWsegH4BrnUJdSEXhiJPgCQ9JUnkabSjaRKH6X2M6458","2002111371.925865663552601641096457206637"
"Do3q2j5tZ3KJVEAmN3unyDTabiusUgVSwHP9nThVFSBr","9427266533.844827420795253892651035942721"
"6xEF8QT4vcTzwNkvB4miuopPTHAuWhit5zs19pswxfxv","2375820836.120240226188470501747176798511"
"DsKY7ihxrLLQHphLTrFmYaiG2dD52JwiUnpubTaagEAG","3036147274.097094815591177523173462831977"
"4PCT2xwNZWyET5BGMyCWkHdK6t9QvGowdhiXK19HQq59","6154135369.435866993125049201813367702731"
"3NhKjMNvBH5gGMK3Ha1rmgwjMsbKieBE9XnBujm8iSqR","17932908974.4264987702495397573736487541"
"Bup6SzZE92tyKLaYypuJXnsJJyfrMmhXQNZ2yyUAKWQE","2978928500.602969630214089231404045744094"
"2zywFrdUmkiQCKNvYFU5iCPbJmSbFzGfEFPWJqGdFP5Y","19883890831.12897532382883570759551771822"
