"wallet","balance"
"6FUcDXRS3gQhLGxFDNwbXuKkAh2DqQyvBLGyPaFMAL7N","491787121"
