"wallet","balance"
"6FUcDXRS3gQhLGxFDNwbXuKkAh2DqQyvBLGyPaFMAL7N","515940918"
