"wallet","balance"
"Feo46fGPj6ESc3uE2tb8Gr9WZBQ77eCdzN9GXcQ1BDXF","0"
"jwxzV5tRgz1MpnMTTooBxYAez8Ddi5u64VafnpB6kr4","0"
"6Jku99urHkEtzVkT3yv64kJG8GgP9rMGb7SDZ1tPwGAn","0"
"5Td33VrB2xrEYR3PmeFkK1SJejpPL48zU2Vmr7pfEkSm","0"
"2HiZqtVwtCZVnaexWqaw4XWRgYsz9ea7BFxKgeQsSDag","4400532328"
"4tH1vCPBpfixVwvryYDyGnFdLdEM42DWCRyN8epXWVRN","0"
"5ddg6W32DTmqKYdtazem55piRmLTTmVapgkj35V5zTB","0"
"DVCp1ZLQyT1qPdP5LWtk5ZkmdL7PfCvfFjmGgQkCX4tU","0"
"5VMUFo2eyUY87a2xkWB7TJmTCYzYFGgGLAtg3W6zw4zK","0"
"5REUQk9zgg3X7pL9fFmhuBSa8tzVAuzbLA3QS9vA6Ref","0"
"6dLPyVAGmFeHxdB9C2zyoG4spbMh7DTgHG9S96Zj9Ftp","0"
"DwgUHEvQvUKHiQocNTGn3wnoiCEXbm2rtius1hSY2zK2","0"
"4PGv5tWUGy1PynEjbGM7wmyvEHeFvrQuCRD6hTHP8Piv","0"
"dHPAHZF2jtNqdHmyMkfrqEwygeyRpzT9pDhTChZw4wa","0"
"F2v3XU8n5wbqhg4CdU2jaY4rXHQiqkhePJnfnd3gMYJY","0"
"GjsTfQhgYcScwtCYTgkn2H3RWZK5uuhyGJDoPGZWLVEV","0"
"HroQrv4q7MxuyY5KFe7rH31Bo8MCv7X2oDG6Vy6k37ZJ","0"
"Ek5pma1oRMMvfvyWLxHuG7btVdtgMbbX2vTyvxf5KyQU","0"
"AN8t3KSwtgdqG9ziCqnWj4TWTbxbGQ5Dg9pCxyWdUXZH","0"
"FeABeyESj1W8J4i3Juyb4sijWQfgUucEEVpQCAsAh3Wy","0"
"5XkmK4EemeLcz1qwCW3GPchhphTBirJ4G34cxdDL1hKA","0"
"ETJR2xe1UUQocgFGs7yux2X6CLuanjuZiTSuJLLvYWC7","0"
"5XkmK4EemeLcz1qwCW3GPchhphTBirJ4G34cxdDL1hKA","0"
"GSAJ4P2FXtiCrdXQejR183m5sbyhXwPtRyHZqzJ6mo6F","0"
"2WujMFsvcLYkKkDc7EKqvx3hdMgWJ7sDZohzRfkNKzM9","0"
"6URSRuHMFLbMHupeSA8z3Di3decbJ5RXeuXUi9cK6iRP","0"
"AGdQ1GQDCwwtgy89buyFMUcifTY29mfzyv4f7ejdN5mU","0"
"Hd26F4t6h4xz8eHPvVrsHsMs5Njmij5YWoDSPJYmwH2R","0"
"HjJHB9enzxVfzZKoscSEG4aXjVar4BZx1nx3icox5hz","273832635279.7003782"
"HjJHB9enzxVfzZKoscSEG4aXjVar4BZx1nx3icox5hz","5228921915.2996218019"
"9n3DkK213G34BsKJWS7Fi1Lzy8D8f6AqPvJwLXgPoVqF","89254480"
"74zcF6EGEbJ9HWKFZCx8fVBEGSznih1w9HBtnkWAXCnb","5271018992"
"69V8UivhK5cuAWvMgzUCiF5G87ekEVk5MxMQ3FT7Kdj7","0"
