"wallet","balance"
"3KmTr4VM7yNyTBx7uuhEzYqoaKa8GDeRhUDUDCL8gQek","1022654276"
"EmGCUfgJtQirbffqLjPCreTpwGMYHgQjYzcw5Uzus7nJ","97730815"
"Fo1LpiAZGBUtHf4fTsbdXDzB9kjEYeDBQMFoGDYjdQXt","2417560443"
"DsKY7ihxrLLQHphLTrFmYaiG2dD52JwiUnpubTaagEAG","2977183924"
"4Rg8bUFXtqSciwfXsyffUaLv1usPntwV2UL2MW8FJ8Um","9823123"
"9BRKNKYmXdwY7C6sQtojKhkL6PGpUYw2q4HVapVBeMSE","2894530297"
"7ncSrcim1E4U7YFMNan58c6zS275TvHvju715rFgmKbj","108899997"
"3dhGuZHC69JpqVWsQDvKamA7t2W5fVvAWRBPY4niqj79","146659306"
"AVnGmaipfCn3PR6rtzA68RB5K8HkKVd27HVqPYxqXETx","19539579"
"HfsehwegnmLwFmNdxd1NzDE5NoC3K7YER35PFsDutje7","87424778"
"3RJh2YTt1ZZXe2GoX9yLjuupr4F7s1X4Luzdp7iHkjLL","332729317"
"8nkVn9BJ1ErpsuhBaLSk6tmCRq8iK4FHVV545khxDJ6x","5423217"
"6t9bGea4zZBHCwmoQRTgvjb9TfZea9NcF17i66pGqKUS","162232461"
"2N7YSUs49J42f4GNw48j13a7zrPyTeYySeKm5c3M8dMn","959333272"
"57TJsMLDzMPTU7db4N1ttqoEHMisVka6o5VLDuCGHEZh","96071303"
"BE1jMj24yptjV4PyZpYVQxxWxyWEbDyJtYAsv5u3qAHx","28314655"
"Gtk7zDc8cxqnbkqqh9NQGLPnpufHBwmfHkZoZGbSkFd7","5474466"
"DBWScYv75hnE6z6AoVcGBpQMyvHKykUCT6iQx4uVYEV2","14188189"
"7cEY8422e4658qYzNsQtCs51tH73heaF6fpY2TKQqa4g","2744072754"
"2ikxNUEokVQY993xY3us2KPWXJHS6oFfntJDQn7UA8Pf","7042643068"
"2zdHbSku9rZcNC3fAVvb8kgfVoMVrGU2A4Hbjdwjf6bk","4556568"
"FrFP8zYeciwPi1ZgNsnGb6XKGnBf6mKZ6SouKnqK8dDQ","152898279"
"5P1T8T2xGAYX8UBKapbB8WsxD2WgD73YHCSQLdJZDdoP","28168507"
"DLkaQhtAhetKpX5tdKhRUZ25nsc27LeqgcehpBq3qqTH","4897249"
"6ZwXFkoKYevnYbdq9LfB9kvAjkHmo4kZrGrY7ofNyikf","4331810427"
"H7aMKHVRcGtbyjBMCuqB5L3YWhgQxqknzduu5qv29vvR","4812897"
"8EuXchDMxyP8mcD4AypqueqeKciQhJZ1yzyVubwekfe7","58063561"
"27LjredqVWF5Txoaf6S9Pd9wYkerYoqRUZSSqoddayv5","1518802022"
"GCQVGHmipTu67EnkthixXpY2RWRHDdnkkow1dZaXYYBr","1957810886"
"7NKSPdB79u7973UVbeSWuyeShbV9CBoMaQ1UCDR2N4XN","26281697"
"5cUxCvPsM6g352o5Ve4QdMmPRiPhN5b4SXybEQsyz2Km","140963383"
"DPzTLp1eZZpAcbfE3ibAPeUEZ7VW8uRXRFjEGcoiaMFn","4574271"
"9cSxoeFULWxPVJMyLLgAE7aMoBULdoE53SSX5MVArSKf","4602234"
"Ba6mGkRCa1MngfkGjre5saKyG9AYcaXwHfjGdMWZf35c","12951013"
"95KjoJeCk8Sem6YEazn5WHvGD9r7TFXdEyXS93mbaYPn","1399354903"
"2XZBeadJgWuZHV6DXTfUWqBddiCPt86pKo5GCEre9GoP","4653925"
"9jMV333zF2Qr6Y7J4ohu1n3ZG9yno3swnt7hFxGkKTmX","4708322"
"2QnMQAvMxKv7T9e2ssYad7Eyu1sQ2bsQHP2gE5yJPmWC","4514405"
"FJmxePdvgeTUxZxKSxk21WJfmodWvycHdckh1Nzdhb2H","4673760"
"6akG8NzVCimMkchAJ6srTDo38aqh5H7ex9nELhUag1sD","16261966"
"Gr8WAjE1XDvCaewjVjrr1nrZhRZXG1GM26MiTED4Ndkn","96157563"
"BNJpG85b7jjvJz4yQmkGQ8AzHc6yT6DixHH8ZJxZZcZe","9171333"
"EzKrdmjRdB6bwb24G7NrQBuxdgLzUNB2ygjfeFXQ8F3a","4653925"
"FQLYorKxcDhCQdmhcXKrxtVgmRr4tng2hnwcQjonUJb","4655867"
"mxPA4wmpVmGdj2cBREN943mDG6YHsPa6AFFSRgww2nb","4610010"
"2T3hGjJCMjeEC9QN3Kq4n5T1MtnhdhqdUkcKhreHxsXy","4624172"
"43rhCi5x12bq34b8wZViPKsdoLZZL442qBF5MQM1eLvy","4685791"
"8B2Ym7Hv84H2BtTYZEnaAiTdot3BWk9ML2BR9sC3oDT5","105751400"
"76rPgS8tNvMcg5ZG4uHVKfWBFXk4hLZfjpwXMxD3dTE7","3763997"
"7UyJShRRBL9rfatij5w429rHnqpjUddtEce3shz7MHHv","56200665"
"BDWK8yfqkkHQY7X566WikJockL8EY5Avb3iGpa4kCEEY","792677539"
"6eFDdaAFY7fhCrLkR1tr4RQw6gBnKo5ML78oEUjLHsCD","4733675908"
"CdANTAGRufbrs2xv29KxtQw6gmnRsAuSeH95aGpnjbT1","4706378"
"4Y2dMYNALA8mrhaNsdNr9FiBZWxGyiGJPHhSbknZb4AU","6579917"
"FKqWcb6ByZfhQYjDPbNRYDtnPJ2ZHr6ErxTicX8DCSD9","9516886"
"HmMb61uCjgfaSWQ8oLqTkhsmfABQ8j9ArMqJ6P8wTj59","54457081"
"9E5aRKrqFSH1pp4WERAz534qRA4ChU8PTbRhpBqK6ia7","212960409"
"BYyXMrqt7TdxaTq4o99G3nbZWmRr11GyKroyQUZqkXUE","4588253"
"3ET5XJZWY9cCaa5W6stnh7HwVcmo5PkwqMaCYc5RZLu2","31593456"
"DLeRFcAiUd1GZ28pK76enxc9AzkLSY2Yeaa5R1A8GMDu","106111600"
"B2CKi9VRmc7Jkf2VqMrtHPBxg727GvbEyTmSqWs2coLM","2506648923"
"4aqTS9A9CKnUmhZdMGns3zfJZpQLFV6D4jY9xwJhi9pn","9109358"
"CZ2DPmsr4JvqtQdK9WtWBRdCKKTmJ4K9S9dB39EYEPex","4873195"
"8kjnm6wJsNLTrzK82CqKT9wf1crfDmymGzzs9fSbg624","5581438539"
"34uv3mv4KhumXrQ51ZR6xzWpUg81KLYhzyqsyNtyRJhe","4484283"
"5Pa2EL7rTABs9TCHEdVcDNHaNRdggko9S9x2L72U9C6p","77063407"
"Bzn6hEn6cZaKXFLNjWTdhX7kQQppLAy7dTYRyjaqzMuG","5821994297"
"12ufHPq6p481DHzfdUZcD44Niv6DZZDruHzTg4SAnycb","4845313"
"9JhUGKR3L37SErvtbpsELKinRdBDKyPoKtJJ1ZN2PsAD","14283424"
"7wGh2hiLer7AnF76QhzjhqgMFkdmSyCq6ajKoJ8fJFt2","14053413"
"ERdEgZo1YoCAQxNTYLFNMuSrxsfUWdYKWb9MVdLSnBax","14097318"
"515xDQUbuA5oU8v1GbSvdC1F2YunyN1h66tNdw5DX7Eu","4551691"
"C5w7nftT1aXBHNW9GZYi9jEDgUqjeiqkefEDWT92Yn9H","219590941"
"5zARR9F7DA9XK5ZFG44S2APTVV5GtcdmeH4saer7LtFN","832871788"
"9jSUv3mCLzNSFxCWmnkXdxt78WS5MdyuqceP3AohTfeQ","2700"
"6VaZhwhapdXSiML3zjTiUWqhmiicGBumfQjbQNwvr8ZU","4537726"
"FNFR1jMidwyv8qxF6DVaZisntbEWdn4viKH9PhXiP9dM","9210380"
"CLjgh8FKm5RYEZdaCRztiCK5FF9UfJzwG8XKBBzZD2Um","4674132"
"G4BHyVpVaxcLMgYC1G9GWXj7hcTRuZAnsEsgWhBTDjaE","2079924230"
"Gv27NutHSZsT4ce1biwjLk3m7yomWt9xf5yFUCfRUxQ9","2704305535"
"HxkdHjLuSgHxmaJg3C7LAX6gZX6Jkm31jvUqzWGDk6yB","1051547139"
"2butw1krGarsLBi6fPiN87XkxzCTVd2YLLn8wzKdG9K7","2045853897"
"CJgvwqwGEgB3okNb5LaxGQi5SpkAo8es8fRvh1r5jnFY","4695694"
"4L1C1CiByw7TPUpdP8X1wqWiwmHMKm6cxFdVcWPzYJAR","14347310"
"5D5kpxaHSiGfz6VaHmGYfRMZHnMWAdgCzRJetAjgfZCS","613308627"
"BZ5r5FRDVZomeJXAdvb9w94AmPfW4bC9jaBB4k5uwyRz","462301619"
"4P2ContvdBN1cVKat3m1hFXqSvRaSR9Am6qGJ5pZKkDX","260597757"
"5rU7LaAjnQypJW9u5qvjzfhfEm8G1r1kvXX5wR7VdZad","204394220"
"3upXu2dEYwMjxMrj9P2hgDjTYEPbihehhYAJjJfZqM7t","1155211644"
"DKr3tU7LdTTTfQhNu3qk7EDQeSUkkLhBsVvxiYWQXE6e","33642452"
"3NabyKZdTYEbiHt31mi39B2SsrBRwPYTkvXRZjU3zJF1","4558130"
"8KX2FRawxABhdcXJKSrdjp8iHmhDUvgkZHKUpoKwGiNb","1798145513"
"JASKwdo67yEH6QvqVNSKXy4nDu5q4r5oXSBQvemHvdNh","9639989"
"Df6PZLNsqF7b73Ku1xN3y8quy5aRZMYYyTpDhkujqXNG","32802819"
"J9bicQNeCFRHrryNFKYh2xxX1FjEQSpTcrJafxDiBmWd","911050183"
"2JTrJ3FP5CRJFQWKu97N7XByG7MQyhJsWYybgL7zzexj","27818751"
"5zjGQfQU1dPH5WgHZAADM94L4ACjNzhD1gEKDFJwkGyf","4692584"
"GwBP1TiEBnePs98H3vyBCa6sN8UTvZYpy1YCqSDJdG7w","1258495462"
"FNrPkk8bUx8rpoyUdhN2rHFL5bNGpc7xvBeXpfn9Pgar","57160626"
"A8NKwsB2tcQJJJqcUTfeCYW1J36hTCAh5k8XK9eLr11U","6219"
"hpVsk5JZrSRcfNRiwA4bYaa2tvkpFZoJmGbkBu3SEmt","4582423"
"2XCDEpjQQRGdM75VNBdnuq2DwCA5j6BuxMTXjkWa5K7P","13738824"
"DSTEEiFE1tzHFR32ogVm6EQEUmAmaDMuRDPefVKv1VdY","936794711"
"BXZZ5UE2rdoQsJjdWbu2bJeNzWbwQsLon27SMBZMJ9zg","4729343292"
"EgP2mRiQeCPN5cqsz7FBpg61f4PHzKTwekX9kNgeJ24A","4696468"
"CgY2s61boenEYE5PXYBypBb96Z6aCVdjU95u2d2KuUWU","18972239"
"3vmsD6Fz9ZNvuGMCDWFsa6DcjkPLhe3jmY1TDJ5h2yjd","4611946"
"2NJM5ec8De4WDsiiDSKbxHfV6M45CLiRrvNfyh4Ec8sA","15781176"
"A3zaE2NMVwdZqPCF9Feo8EDS8Q8Q1MRbaK7U8LjVNPLR","1196287133"
"CibW4maWzo8wv8CFZ2HwSjz2yPqTBwuPoaJZ9fuRVMig","37401961"
"34QPLrmEdg5yL2AMpCkAGF1pAn9B13rxcF2MGmvZPm4R","551165188"
"A24Gk7m96kiWiB8Vrp52MbCDD3JXqppmb9CXAjsCzgP","9395080"
"FDpBkG491vqBu6w8R4swr89Ua4PpigqqW2cKEpynnefu","759822905"
"8SoquRBKK5HhCuX9GRNBdpUeA31jpHXy9q4fb4nF7hef","103146236"
"Be5oBjUUhJ4a3pSzqcpU3gM2z6gDFzFcPMvBYLwLJACq","4788129"
"4E7GUsYKYux1wdkfuJqtQfro1g2BPGzykCtmGwJ4t8HV","7910739"
"8CKQoL8EFk8qSx831GTjF88mVeJpemnfgDKTFYLh9XMz","8845026"
"6B4H6HPaGVL8rwMuokqgmQuK528RMmzzK8KgGiXEQkpP","2177616695"
"AozrXPoPXKUw8D1HW52BpWaAVjithRyAnNKKhchwM1cG","1960334460"
"6ZExY1sC3M8TUyXEahWqzt3zrjt9WzQMNRbW544whGAW","38712800"
"3k2e3RiKHpLHw4CQmCvQj5Z133V4Jxqm7FZVvaAHktsw","4897824"
"BiarQ8Xd6eX3WtajkMUjtAuiJzqBtA71wgLAgnh9oEaW","963019084"
"BC4bNg7c1THGUP4v5kw94xEiLzcmHCjrvgMERZpyUnRC","4693166"
"53z3bdPW7c4DBn34U1TY1rpg4XRuHNgTV9jJ51Xppt7k","4694717"
"2oeMUnyyE9K7XkTNWFnyPmvCD9PStATqJkvBo7fMvn7X","4594459"
"8NNXwfirNCdcopcGiYs8mJypLh5SJH2NiT3uMF59De98","4828477408"
"EV67SwXSFof6Cfy2qwWVbLU6FuEEF7YsZReiTw76otB","4856202725"
"FeBMG7rVEZUuWLgxemwwRrXL6JpWAidvuoKP2ATWE3y","219192464"
"9Pp3cRVWMxmP1he7Ef7LwwKpWXUksbbunF7BLfKrzw3o","72515665"
"Huqu3eTxQRtWiRHRm45EEcKLYpwbZwN3uQdDxjkWmnQM","4702592"
"F75pkkE9cA6VhfvNoQquwwNSghNNXsRkSY1VfQ6BoTXQ","4538108"
"qMjTLAGHJiaoYcWE74n15DTcdeMWW2kAWQwFT7JLzWM","4484262"
"5gNQ5wqsTbmyHuGePrWGSfCjJpY71BwU8TC5maxAEipU","4698052"
"Bk5W6WfjYUcoGuwwTjEDYGt18LKQELLbrggMsE6nxDgE","4716052"
"6kohUWiNPVKK6vWgvFaBrjrKh8qBPNyMigzntA9fWzwZ","14392992"
"9ygWhJFXFuxxHmnRuuRkA2eRi1t8SAiMakJDQzq97ybM","1042966951"
"CF5FgiMHpNKNoBk1bWcnag55khazXoe9nFNscByeJuV","967920945"
"ASYHaWXMMLSnAXjaeVYq3aRBpW59ChPAmwWE6pEgLfKQ","312294267"
"CcWSj8qxaFVVv3Gp5VNchMTWfamwhSvUnLXqTA52gdNe","3081435399"
"BDHLBBPGp2jd1Ux92UNLmNLHGn1x8HfkYa6JYeG6fRnv","4626140"
"Fexu4NMQ8hLedDJSoiHH37WhusCKbkKfqrFxtUniUxV","484520232"
"8zGr88S7dMbJv2QokL4aCamHkxijrzq891WVye1ouJ1K","610636088"
"4knwGYXZ4Wt5k2giiZASqWEB6wi95f8R8Nz2LiwFkGDk","6579917"
"2rxThY3TkLMvKEDafeihLJ1ioHLXiihT85DQ2FxPkE9g","4643621"
"9nWbmWgYY7KLHsKBrM1ynVnmfXVd9MvWTHZrarNZQUVn","785254474"
"DMSfGMAE8r9xB6mfb6Nnae4XjnAE2iBCsybnZo2mxmQP","8885787"
"BE7Erj9uFWrtqZ149yiddykZ6LJRWGZeHsnNwG6YxY2M","1055580624"
"8R6ijwqy45yNCm25eEskW3RJtsb2jBUc3e29qrfVGMgL","3203069461"
"F3EXbY1yt3Hn636iXyudXoKkV6jWLWEeRJ2xMpQoPoww","4718446"
"8JRNid991eapzcAeQWpoxnqPvxXggfRGbySxdeDf4GhE","4488136"
"z3A3LxAVTpiq43E4HSKbtHrioE3GPUQqS997vXkbKLW","4872186"
"JC4WynoMLSUBGhy1H554AyesVzQpejA2gtgxC6t7sh6V","4736599"
"EAwQoTsXitmvFdNNJXUZnm1GbtDZYbDDwgjn5sLaNcQs","9275613"
"DrRpNfgggAyP4f4UfCaRKEcf671Dh7a1c6aeVdoNbYGq","9526148"
"51tXKvXxt5Tc35Len9e7dB6qaTTe3F31o9fc8q9Fhcid","1762813992"
"6Ypcppo1dUYzWSZkvvDJosJXndRibmXnwAwNrHoGwq32","4550807"
"741C342AEEevsvFC5nyx8oq9bJADWL4vTadrhMTMQ2x6","419526417"
"92gLyDf1azwqdx3f4VJ4xbM3vi3YDm7mZ99yDejccuzX","189310225"
"6WbNV46tpa1j7yC2aujjQiWWspceJLMcCnKPsmttFdH","4488170"
"3gSGU3R7cvDHJi3wpXJ6ERULriYdYSSkLkANaQMFzVn5","473647085"
"ETUBu78DV63rmCjvW7FFEnoDdzsk4kBcoYWv9Birno35","899338489"
"F9SwuiRn1688N6TgkcjZYuX6GmXx1SfLBVB5JQjqKPrS","3"
"Gn4Z96QU1VngoPTxEN9P3zjV2yy3P5vMbCCnRLQ8sg8e","4655699"
"HRQsepYB759sbe9hCPz4ApjnGxt4qbJUTvyA9yWBWkwL","354598638"
"4ZQYSBtWEwnh9ssogkhUGCrzEGx4AVHGfbncqs9RtLVf","51811849"
"GZytHtYhfcGeWNfeU1YnaYq7QYVu13aPpq4GxqLoziaH","4551312"
"C2r3dpCFMHjw8iAFVN58HsoHjBiVpknELeWyd3F3gnFy","4037520607"
"8VBEhuVJSpKkY3t3ipiEcXSWhm7iptMPYzsLzr87WqQN","4817709"
"34Tx99uNV7iyKcixAWzfR2nb3x4evF3hYXQ2vwfRL31H","9645240"
"G33Zpr4P4oY4PyhLC64zQrtZ7AHPcMHCagJozkEhEqR","3270383"
"FLMo1eAEMk6HWWrSX6DMcSGkrFuwr9KGzxdTkqvVNLFK","17849177"
"BtytbHpJHzKrZhrMnwoC7KedaXbJWD2BUyHhcJQNWQzn","4657615"
"Gp9NygjrQBtw9jGMmwqaAF99FvZgPJxcWyBKqaRJz47w","1070792317"
"FhSvcV75VzgoCKj5GMeyDG1f6GxBSoHEg41f2gW8DTF4","16831514"
"FTEoJCQAK5zASMpKdoYsq1tgi9JtAdSXj8DDzCL6nB7r","29622147"
"AxFsmqvPdTaF6KoCcrKS52Sh1h1GEWGU2eJobAXCNy3F","4793431"
"CLM7NT3dMTboEs2SZB7aXkvQgk2Kk8jKdSyPk5km4DTH","4751443"
"DHUvixZpd9LtGzMjRpeei1W7eohz1CDPaFgtXod9eWBw","947420746"
"GuvrzFQLAkWxJcphF6NQFSwRakwkW3T65AcHFBXmPk7p","1433725320"
"6HouCw2vVvEGcXyoamg1hHSSxUf35RTzkPHyreBvzwEq","9345544"
"Et8KK2e84tARx8RGF8wMYw5Uzw48YpGxyqT91VkqKxCq","960324559"
"8xqeXcivdogmUBjSLT7vJo16VU6R7ozHVPg1kjR3Ldwu","271006421"
"2Z92i1hDKLs2UnncJ491dco4M4VLeaGx1hCui2YFWR6w","633793749"
"8CoRRJMnnRbc7ZRjddEen6tPRb7bZGdWetSHUqjkPTch","14096776"
"BrKqPmHPR9fqzEwsiu6ruh3XogJTQ4VGbcCbAtsD9sTq","16381501"
"2CwcpLPsiRZb1NnfxAVLzweWaHPKcaM7knzAbewSqeUe","31332457"
"J66kEeio8iz3ZNVRuD1J1hfVggitExgvVfn7c8e3uewF","4589218"
"BujbLdN1DtXWtRTpB8z2znrVBJgptytkexcsBnVmG2KN","4594669"
"A1RpV8ytvVcC9kCmwfgbYJvnKxL9mc3vVXj6mpHWQH23","4644007"
"3Yem88ZGfwTdEe28udMaZZw4tMevqDd2xgEqn6A4RHWv","4631575"
"FWhSN5u9S3AWKZXdZJC6wkuoew8fTcNMDq7qvDVZ4U8Z","56216582"
"6ssZzNjPSEpdSUwb5J6ytyLypLAcYC3LSocTDrMeP8NG","1010799156"
"4bhdqCRU9szm3JdHW15r25nF2bpFQfpnrQRkcromBthy","9616503"
"CnffPtmTWAJ8Pq2dHuHCC623LqtAL1EwjaoAbZZ4wVN6","980125496"
"5kDweMrdSapqDiDNgKLPu75KmgHYPpPwxgY5ey9Em459","288168660"
"4yM9kd2RGzDYn2Qn8GiJqYdRd4NFq19Di3n9G5vg6gbs","283719"
"9nW8Tx7YcYghWEwbt6UqzSTncG6xeeKVUmqj7tQm4tqE","10031119"
"G8SbFFnyxi3w2dAy9SnCUtuFFiJL8ksgktqBikCKkbD1","4552301"
"BRKMFurELL3uLusSPEAS13LVdskW6VpJt2mmrJw9jztx","4618375"
"H7ZKWJjZgyQkd75Ygfuatk9CSwdnQ4a7Nkk6Qik5texZ","7277371562"
"2ZE2Mv4XtuCphWEH7jbYXfJbbhBohAa9DpwaF7VK7vzV","4648496"
"o95hw2n1BbsX8JxRxqiMjy7xv9PpGjxu8jV8AMrjuvp","4500791"
"K7Mb7YEt7yxh3rFDgBxASXYxxPDTEwhuVPeMP2cgFH2","4643638"
"5T5j8gT9CFbi5m4konAbV6pLfEbFeZZkhw12KpLyE445","589595680"
"8McVwYagBwLMwAh2LL4LL28FTNvTTG4WUMyJjjDrMq7D","112752528"
"4PVScETxxkinEu4LBHxWSBirAFQx9mwBLrM9aZWkC2uq","692946309"
"9gsv8BMqwf2L1HNnGAr2gmwkAXviLhbXf6Y2xy57wfwB","4695729"
"5cpeh3RFtYVzCsfUChPgg7vUsbikZzozXyYLBHqy2g5y","4718749"
"EJLe63Kg69EbTqgGBYPMDNMsN2rp2UQuDZsCz7NCf2Ae","832037863"
"3PyXjpSVDe29H2sVE89LVMDWdZC3tWTHKAg2veqpav3X","474305436"
"48fNHga7DuMTUG1cdzipBbSYsjTf3LL2HHnwXDSwfr14","4850354"
"7eW4N4AZS4ksoQ8EPW3BUX8gLYe3Ku5rSDRorNEhuzHX","4710647"
"4GjzCA2UKDuPbosari47rpoSd2smU5yvGHYgxysrWKtg","8492208"
"6xGnKrwh6DwRcKutA9kt71wEAvrNXy9Vi65hYJVWdvZt","103318338"
"AuH5Y1U89W3im14oZ2yTe2YSEG5kZMXeoJ14dpMvXjWF","9285065"
"EpRnwWHL6myCUSJJdd7Z6rk8cujkoZHqFqksuAEdu6BV","12310941423"
"DjUWcEyAt1X55mrxUxpUdepgza176crSHFSdr43q8sTG","3947777371"
"6qpbxQNxAoxKpLzUH29kgrRDqsjFLeW1RqpLdGqVz7eX","83765030"
"5Fb7R8YaXoDgcq5wkFjNUBA3QYUk8RaghAZTFM5KQ4Am","4734205"
"AvvaPVKB7S9F8ZJYYUs5b2FeMYXBJCdENy7HjvEygSuY","112593771"
"8Sk7tUKZ818kZWDBRg9Sz7gtvX438WedjqR2rpd6N2Uz","785556413"
"ABghNYKrJuRnuRbDbrKMkGRa4dsqLYUoiJQSxKvi4An6","877925630"
"9MoRr983ju6S1nUHTX891H8t4F2c9DUAtZ6yqtjV8adB","16621058"
"GmRC6EhKtBEcKM1bjCBzamWDy3qmP5z2Kc9tYjQuc2Pn","28479791"
"BLroHR2yg8giyYeYbHzwzey22cZ5sQdU8AEN4av3NHYs","4711071"
"APVWq61Xp56KnWUfLFJekNKqiio9wMKmx3S5oYjSXDuL","4523758"
"JCWR6FubfvCwMLbgXdgA2iRai1xFbNicrcTiXNLSG1ro","470091732"
"2ypq4x3f5Xt6eoSLsecioLukK7FPWiXvQ1VbwCg44yEs","4710905"
"8HvCzuu9VHiTDtghk3irBoMsGq3jnHTyeUDmWobjioWa","4685980"
"5JB9cniRsbLUjeLKMc3LAx9tK8dCSfVfmKzZSY6bZvxX","4695501"
"DjgWQx2FMzJyMd6ZVpP5bhYMsqnSTqs6aHHMCxdvCMrm","14331327"
"7zF9zHTrpxkNtJ6wGAihzkSoYhqkYojBh7K5CH7EhPm6","4681039"
"ByXSnMsQMwcLmEWDKmsR1Fuy4GggQDxGXWjh2BqQV1Bf","4527037"
"8wSGvoyVbZh948yCXVyBEu7MnQCHTH1RcTJxrPrzR5N9","41980511126"
"34G79QCuCR22LqwURLnMz3n2A2mhuEn917vaw3Hwncfc","4680550"
"M1Zhk6nSS8KqpnAoTkLLktFpVdYDucS46Pssfh4B9Ss","4706380"
"DYrSfypWWz7NTKfpu3D9c3TohZUiKeWF8DARp3evkdAM","4755242"
"G4eGJ3E7JMnSD9CbDar97547XiCtJUXjAGKX1eZNzME8","62141449"
"B6zsM8ghSEDoFd7q94VGwL83BDFfjyJzQLkQzBxRA41N","9744314"
"EW86ZUJmKkySyQeCGm17EcQJHQjimJ5ccUTGPNzYDCzy","340645167"
"GmWQejjdMnaMpmTs41Qa44Hu52ZFi12BHN8HvP2ot53d","9434977"
"9TtinjGzraQNTPaaxTugEPbTR69GNfxoyUqqzSeiJtgV","8012"
"Cvb5Gyut7ZCLn93K4ucPXU7q6S4rHyWzfAnNwX23Fgz3","4678178"
"38oTkn4MtaWmEMRUDynyq592bK4hMZHL4KeyL2QY7SfQ","4529364"
"7XFqMoCvD5YXp4aGnLxeYpEAruCX9cZ95CrcUkZ1RXvd","4712015"
"FW15DpTXiJqmXzdwsbfPBfFzVn5w3ggg8UGkvPn5Ch5c","4553272"
"3wGB6K21pzoAsuL2soWa2CtjF6DWmZKyvmWoUQwqCXgu","1393434700"
"AGWZYijqfc5ngyvQvVNPvfvMzUdZXkyQyoydYKD2xD6A","9391670"
"82Ns6Pg22hHj2iaSWfkJe7WqdLbHE8tJsdHFBakbe3eV","494878768"
"6Fop8Wbv8zu3J4oH7TJx1tRT5U9T5d45XTbjMSTEybTH","13926978"
"3rL3tXqoQfKEve5hpoSmNpa5mLk17eQbEUaDoBeXdawn","4772570"
"5y4pEyqGmvtbeAKwkmNfXg9YJGQyV5FzADXmzNpuWcdx","4592139"
"4ssqSiby7pv95UXEueCd2284QFbVxzvCTtxWSKzSAdzr","4560461"
"7K3KpwswhNbLiRyt4ueeGxWq5hJ9SWPizYTygEGTNEng","4575027"
"HZSVed62oqwYgdYfqWhgnom9wmxZFTQqSSFzo2y7PV3c","4193328528"
"8QdQX5xDLDrMWnc5UNm1kEE2YivfJT8R5ozVrcRuaQUk","4701816"
"7gi5RoEegxU7hTv1yLK7UcCL4RXt6jFPCDST4TinGSx4","983976050"
"HKEnUe12QGxc9Wbo5dKTkMNfTXnSYUE4dYGZaDudFN93","702007295"
"4puEbK3gWr2ZtbvzHQaerhRUKSBZqhcq1gdfhEZbuMcf","789228549"
"J8ZUaTp8DjymWHYxRpyitdp1cPUUmsHjR3afVEd67Bqe","4539950"
"7LkusRM3zW3PxmyMEmqtuQ6w2Gm66sLbU2jVmyedPeka","1936517163"
"HBiuAUy47ghMWnGYzrQRKB2Xq88eoMFFPWsJFKneqsra","203769735"
"GMzc9k1UXPXNBycVkp3iiGRTmwV71qbJXf9pDntG2XPq","4667441"
"7ZErUqV18L6WZ2R79Q6F6tzJKFSYvHmyYrXunCMz97bX","4644607"
"2vbXhfzcqgTzEwcUCXYHw1kD9skdiL92dN1xxpmXEsWc","4566876"
"JxEy8qpgEiKYxTPdzA3xpKDKrZvKpEJ79nKUa2ZjXif","16471266"
"7hUhgtyB6bWKmMoaBnhPnu5hsGUmKn8jARTfTUkEQ8JF","4768577"
"DVYby15MVgW81tskB9r3Bp9vyxdfL2aUAg2rPaJhLDok","7221928"
"BAhA7ahCqnmqPgjMTpPei7UTA7vJQLiHtSS1PYe6s6cF","2078023814"
"FtzrVyH6UajitL9JfrCEo2HbRtP28BJ9KMA28n3uPKHb","6579917"
"6nrg3B11gzaAPpb61f7ah31LDWXTeDwguD3NbA3f21Nh","4787381"
"A82RkFiyksQktNZjr9KnSHyg3rsVL2KjizEaCS29iX88","4493017"
"trFykv8XGLmLxdthgdVrwCUnnTfdMrcUBFkEexgi1Sm","4577564"
"BNpM7cBi2G3H35HNxbeZEQe4MCe5UicMmagAm1xvwQTo","9237532"
"HP3asy5Q1k6pfk5HkYqfWSXj7XufofBnYSn5NRMt6RhS","4551928"
"4LQgFPtbBmy4tUxGwWqNsCcGN4QszQ1SLY5pbaYtCzhP","4724856"
"7oCbymq3zw2c1endKAftzw9dUBZkoMYbhm7ie2qc5KLR","4508058"
"3eWS9yKSa8DB6Tw8mwTu5uECTS8fxBvxsDVjcZauSeP3","3649"
"9UKJH7kS42b1Zcw95DqNh847wRD5A3NwD3nQSEY24kzG","470778403"
"m4ASSGJgELXm4iWMJ5YJE8Y8AdF9RkTn5Syqd2zNUCM","9248953"
"FSvXTkgpsLKoBe1GyfVvqjsgssRfziBNwTxDrHnnHU5d","6579966"
"A7eB4NG1VTyo4MTNc8UNCDRcHyGLohC9TZ9JtVrAm1Wv","15867730"
"F4q4jsE1i3gAsdDDWPztw2igtDb3MT7eGe6v7MmabG1X","263031689"
"2KVbLVxuVjNKL3SU1FN8WmeKfD4ERR7xmgAJPsjhK5HS","274306103"
"BVZk14ApUYj57ctdyKndbSknATZFt4ryJfyP2W5FPFHx","4647125"
"9fRmJJm2Z4bMvgyuLvUsQbPXSTxFGPchUUdFEiFxQnVh","287689908"
"5e2awJBNiGUUMzvNpjRs3hXVLz39HVe488DgE4sqdVNt","4523541"
"5mGqXFubxpmLgWUNz8tFAdXWEGjaUCUHZB79QaWAr4PY","5286"
"4yVF4caYjUpnnchXtLbKdubKFmWBSDdoeq5ntE6Rcycw","4500801"
"342h8esTtoPPDWVgvJyP2fhCUDoXDkbLQ5A3cfwFtFtc","4704268"
"Fn2Jv4zV99m6zFA1mCzUTxgTh5JLFHeFJJyB5PMh8Kpb","181955788"
"Fbfvxw1q2BogAp5bGUy9PbkTK5vMXH5y1CCpUpvGLQU1","2145051012"
"BtXAWtaVQRNJnpAfk7Ny1dYQ9R22mnaAqjS71uVJr93n","94575352"
"4QTR6bYfMiEegxUFuVo3XeasK4PjQW5CkWYi1qKQSMC8","17567791"
"AAgzkyHJiVU9gqfjeEJTgyXYeXJr37dXUuvPdcdP85fE","4537725"
"DC4greveu9ydejAJYFHxpj699PxnuXMTjhBuXSJ4s1Ba","4514405"
"Bta5P7tuCqN5SsEVWJQVJcMq2w7A3jC7mmdj7A65h5Rj","4593110"
"87akCGMprAmuumqpbSD4LxJVipHLyvgXsCw5BbH5LWyU","648323799"
"6hRqRU2r4et7RZoga3xaWywNaZikSQ2J2JurbzCN8LkW","4661496"
"145Cp9UUwGdz1QL4pTevmFyrdJeYYaL4atfBsePZwiLe","323532741"
"3jgHRmqL5GskqUsR9sRZCf1wrbacXi4QCZsVfeddR93s","95254551"
"4uhYMZTZW51XiaHig37dFCaZ6Kpif9KoVNwXxwUX6eXe","475814414"
"2AT2yFEx54uNu1HoD6sjv5cZVswqBSFErgiRhs8B5dDw","4681503"
"8ErWKbyZydp8csGzc2RnaVrnVb865nXiDNCRzgA7xZhf","48582852"
"463wpoLPFyp8ofafLeKSjkzcSDN3kVY31qTmXKtAdbkx","93687911"
"EYVBPZMnnUdR9dBUzthPoFwav77UebxMC4c4KRmof5YV","112368246"
"8r1KBtuUgqs2pE1Yp2KqEK3QHCccAFNpeSZi1FTuoroq","6579917"
"9o1cBMuLeCtKUdUBnvz3zMHM5WyTnZnmbDiRV3mrThis","14295500"
"3AFFGRvyHyzrJT5C1Kk5G4oSbMxriwpidkYrp8uAcVch","1310558389"
"Fe9VpeLud7pYL5zRn24H6MNUMMgJrsFRLmHKqHo8nHCh","4778108676"
"F4hunBQiwbe8B3xmFMEQTtjMunTcXaoXpRBvsKb4QvAW","13873875"
"AshSH8wTsRX2pVUG8uyacdCxebGrnNW6fsjAQCeWhFde","94712458"
"GEf8QwrAPXubPDkmb5UKYYMWsK7uck35UWyAXuxUEPX8","632773"
"Cr6E6C7o6zKVT1Svn5yGeb2XyAjh5QqjNDWWt4cKYHDY","4483302"
"6wUkqgyMwEpTWNWRr6wwCufs28YiaJdWw738THrHt2UN","14449270"
"BccQ2QDTiwsiBnFjha7diYoWY14EGTx1a5UGsfKMTBjP","602539562"
"FHXyLh59nSFedpTaD5bZyaA1hbuDi3MKHg9xShAvzbs5","58823"
"EkFdifaX88oJTSDxHtLnEdKbeue2eTFud9pgBV9VU5oj","4881015"
"6CQMruiuFtaecCRd7YyM3LLkuCFW2L3dMJhWzkdzJN1e","4541602"
"8SwasHH7HAf19DoyinJuZB97kHbT7coqUqz1oRzCr315","9494733"
"QSz4NEsEsvcked8XFaDk6BW858cTVTdw1uWqU19bH7W","10306058"
"7QD5aXhQyMGnkDngHFQ9A15hJxwXJy3QUgdE2FY4Wk3E","47422435"
"AjzpWxoLZgYpMh2oYypxK9354CowLZ2MJPthazCVYVWv","246459995"
"39UEQMyZxWaYvyUWpBcUmjkP8vRspn8K8pf7tsWRzZBg","14227659"
"63Gzrw97Rg3pp4Y4vVUDBiYUvDFW5PQ5PhynBzBRGSJ3","680300551"
"A8sU9ihPsNCNKmzsSJcVwAo47CegVMjxQxyQcus9Y8D3","20"
"2kk7twNxeRr8Ppu3xA5WBLeaRkS96pWXyLFAtDs4fmrA","41863648"
"2aBA6g1jEAVjpHeEG4ypEvCyKwUKc6bj74kg7S8geWDe","16895568"
"2k2tsvVmkRBQHuUAKfZyXLH9LwmBYVMeyNtXYhjbMhN5","4543556"
"BW8LMPiVDQHEgWVUL6u5ALj9txQbFnMHVrSFDknga38x","4752044"
"4MFDr4eRVsRFLiEvEFNTJHvXc3FrDHmDYhzNRvS9wPzg","4701568"
"JBoaeiiRUNh3xHH6kB58meH6DEoVEyEP6Guq95Lv7kMn","4655128"
"2BCF7Z4NWi4R9jQv8pUtx28wg16nWNRz9WxfhYfhTSto","9192544"
"AZDjcrX3efnzdPRiY9vPmPXdMUKzVw5CwKWPTRZXX3Mv","10751850173"
"BQZ6WgQKtMsnDimcapSKgwDxPjKqHDYbuFtpJ3Mpb2jx","4775599"
"hLTxa6VkrRsfDcJj5sSsv1gUGsaScrfGTi9TFVfqRkW","1091074453"
"GdzSrWCsmtad3kyi2HW68qFcbaKopePMhZg1Fkce4QD4","4600884"
"FVP2H1sWPMJYCMyu9CgUAmgrXomzU957FJVi9ag6rzEW","4596998"
"38EXzMrswa74wV9pv5NebjHTDHT7DnKmk4jxLghFbHj9","227075519"
"8fA7We93RiQa64GMJvduKdGGk5q6SPqhnbiF8VTkmPsa","9308163"
"Bxhn5qSQJgdw3zq1Ai1X9XsA4JrQ3GSmVmKffwu1B2Ko","4494966"
"433wFhP9toA9S8hRGjoyLuk3STQiY9hXswWudPaxtRdJ","343381296"
"8KE6XFhgX344zat1Bw6UUxqwwcVmyNZGFPHpzfuXNjQu","4620307"
"AKQ2c4XBywUiwzSUhaJedHFncXRCiDcfGTnyd6J1FCFH","5251023"
"23Vh5bbUg89NhFG4kBrGWXibUNRruCzTay2H6BEa1wxw","963801278"
"C8asvtaN7yjq6B2EwszFwjiYfMcM4ZedQvsnxon1xUJ5","679027623"
"D89BLBpBx6Q7Vxe1pX9P6C991D64Yq6r99MvLd5bmJvX","478721963"
"5AKNCfMwWbCVi6CfmuGQyhKZcXF8wS4Ypj5zKXKbnW8Y","3857227564"
"HZp2TWkTZQYgoNQAhmM1kQ2RsspAYk1J4db5uiHLLYvE","11889096280"
"FnyKPSLu7hr7wEPwLQEA4YFdJaQGnwVTLBzYQkmVLYtY","188177175"
"9SqiMVZxmpJtR2PoodNbTaYVQmmiFJdHsVrY5hVNY6Dh","4649446"
"7m3yZ7XA3kWp4QL2cVuFY8yroMmFCUTA3K3U5UJKWR3V","1258575673"
"7JKeuHAMpuAKyv8ghUPgYW7cPHEeL2xaVfCaB7A6643T","4501773"
"5yqWCgsqQ7B5g57aDSrnKNVuUpuxn29NnR47KLkLRiFf","4575960"
"4pVy9dcNvptHirR1rDXabRnjPeY5bcDJP2R1i3VuAFjS","4820111"
"51kmVwqDXZ3nwiYXzexBmceSqoDWGymYfA8JhYDJvaDZ","4871556"
"9kueyQr39cw8irHTtYTNiWjiYzutj9f9wU6zgHpCo37F","4587245"
"FDWSmMhmdCZjVQn4orHjNFVLYnXcWjLXJnKT1YtyZDoH","929328991"
"9qhRjUYQE5AaThWf8kpgCQqh9RzLR73r2ZuBkirUDKRH","186214270"
"4DnboSkF4JNosadyvcUUzyPtaU8WByis6h1pYYjUcEzZ","4545498"
"9dxiKN84UCWZ3oMrZaCARcXWWtvsjaQKroNsBgfhKVSB","4666958"
"JC76buSmXEpC1g5fHYbig7TSaXiRTFGGE58vDH42qKBR","4542584"
"E7vXHK9ghyuKQ5CjaYP1SuRhB9rNfCRmWMgTnYUqDhFH","9710636"
"BDbjngZrj9vnPngexfvcXVmT1V1zi6UrpMohqhq7ynMY","41572"
"GCRgb1axqEPMz1b758XUhqwX4df5mBUbTxFyfJkeDNFn","2920865374"
"EQbZXbPzXkq9nA27cfkWFFAtf2MTxJu8s2EwHf9jNFE","4589813"
"oCibNKVgvTYvRFZuNx7ofo4enK7oUnnp1PvPqaemHeg","4652750"
"DcyKBqkaz5MHAhjNzosrGQKQ7NecJ1uqxqckKdRqQWCF","29876514"
"GFvU1HvN9Zwc5kVc3NKmeL3cUuaN7Gyuz2Fv7r5NQTrm","16710177"
"D53g2XSmRMjcA8fDiFZKjFvQWk2AmkRjpbYf9aFrKjVT","422682608"
"9fu1u3FQv83LP4dRLsmf5whfs9v321ZRko4TSGUvkSKi","6549910238"
"igWqH5ArDyxjfheo7cfpJ4wVYy1sJ2dAR7PcWqNMtCg","4854394"
"B9QrVDGFu6m5j7D2KT7irurkCTKk6TgkfcmSKKdnk2pp","96884732"
"3A6Gchxd6QYQXFXMbTc6919Gm72uc56SPtt6gjn8BHnQ","4505661"
"Ewha4LpovdhskXvmf6qWdtRt6vzWFYkuBEYXPoG5U3Vv","4506632"
"B9VXD2RiWpdpQKt8yYzUpArNtWR8jmo9Z8JNssiSbbJx","16531812"
"BC87bQMTwh3GUfSnSLavSXof5FKnkgegQmvtE3qiC5kG","13838799"
"F7EuiZwNWhEafU4QUdcz79uvhh9s6d3fvUbD6Enk6JBr","4880887"
"5yMn5VcpHn3R7EyC4cuoghWyFVxzyLHxTGQNA5iu3F46","4726087"
"3GhQCs4xXgTGdBLB4ubCx4D8tg2sFrp8mKdceQFvJdUb","455626990"
"5znjEShaLkebQ4eX71ynS8AKvxLJEfb3oHyUGGap52uw","5535812807"
"ALQnhmH2GQHmMJSKYgGfJJrqRBmkDYmcHhxS4jRD1wBF","16369448"
"J4doZFAL1fgoHWCzSFpJc4hWVkWPya8o2yqLPYzvmqEZ","4805735"
"tSCZsKQV1Youasm8kocymxmgr6r3PG5keUPqisDSU9a","96071443"
"8bbCuZGUxMumoz48UPs7WEiFm97fK11fay2zj8byFj9e","61158273"
"Guzgu4ZkhJFEr9HbnH4XohRpopjq1NbAFjAfxsvwJ3F5","142172889"
"65jWTPRwH8iB1zbiqh1gaHSzDxNk9yhRh1fsWPUvLG8i","4844479"
"H8QfnccW7oNj3HsvNz9mCkGKWgAhH8pd5L2ooisSj28U","9008114"
"D8dd7c8octT8ddD3CefR2JeeHTAnHQDLHKJTNmQUzYtL","345311606"
"2JyurER5ew7GRni64mRdNh25h8rFV8fwofJS2uei6Vtd","26282041"
"FLoNTvgapVn7mHDTL5wMBCzNqix7GLpsPGtdWLWonGrc","4494662"
"H9cCsHYk76ZLVCaHnoXsksAZSWLqvfMrt8iY2WgMi5Cm","12051501146"
"HkAVQmHq3Ynrrr6XruX2myzegjXhozTe8XL8LC5gvydh","59888"
"F16J3BoBgbzu8WsvSsiYWX2q4EbtpvhHGNNrVNU4P6zx","949512183"
"C3FATj3WqfTeE7FWdJVnERtQYvox9x4joUmfapBWseps","4857744"
"qZgoMhFB5PvGrfHvRe9e7MpeAR2skPoKdDrBxQexLa2","16944643"
"D2Uf9ieZPGTX7VwBqKo4YESmzC7RGK97D5Xg82F34nzr","4673486"
"GCJCPBrf748cqVtspEdKDKp4KMUZgfNkP93VK7tdH1v1","659716039"
"5RW2b8BAMYYdM2f4aR3LDNbqECkDZ6X7LMkiKb3EwtZb","46501879"
"8XePsMd7eYFSkF7MHKbAEY1FxPug9EzmTgJHzyuoyZZq","4802884"
"Ec1pMSrHEeZPLruhtRcwhPMusuGCoQkLe2JFyKCwRUC3","36898565"
"7TM3dyya7PnEHuDg9TDQum81UWMt8emKjg7KdWmzbpK7","94378337"
"7GJif4Z8cjutZxcV86n5EWsWG9VxNXZ5qNvCNyvVGc1Z","4773652"
"3iqK3Tn4DV4RG7cE6T8yQ1yN1yM8jfPZPcwdf6cwgYJs","1981239817"
"jFAboXdXB1NsmDzQocN7R4sab4sBLP228yaJvRtsdWU","4631975"
"F3WsMk7ostBZtV1cHGB2KLZ4za5hy18tctRnZkQHw9GV","4601857"
"4mnKr3YpwhhXJKmbZ4NtKCBTagp8jgeWg9Mx8jfLzofF","9334424"
"BWzBbHYfKfjockCrAcuizRmM3VLRas3TNmbvdGR1vySJ","1057105557"
"2gbSrvgdoC5pSwpLLZo77oyUYCn5VphNV972pz1RrsNS","10075984"
"9j7Zbfo461EHtutkNCEJwv21PaoSxHsaVVujRTvCNJU7","4665015"
"evb1fS9cSPTrQRg7arUrrAnrG61xpq4MMyTkye8hAWK","9804409"
"EpJ2rrHEgeBDdNMQ1Csc2M7SDiCuPRSVHnQyxuLGrExJ","132590470"
"C96ZwX3LRLEgrwfyHFrycVDNnQPMKmKvpxoRPQ8Pwf3M","4655849"
"D7imP6DqXjGwbTCRMx7SNC7u6vcJm4hbgpAoDD1Z6mWS","9838226"
"3GBtqcaRPbSnTrWfEa5SnPT9Y4ac9MnDdKePoGCxcptE","1600261065"
"GmumozRBfFzD62RSMwMFhgW7XS8RN1u9NSPN3PwZDuPd","4709712"
"AXequoqMN1iSWHe84wZCVxtSxmnYBmrRJLPUjvRmdG5P","5921925"
"DrU1MfHJDh7jFH3FNmCJZtmH8cHTjHYTjznWfC1ffBru","120921139"
"7p7ZUroiZ8yhxtE76PkU9KXkCY4CnX4Ew7WD3y4Z58fW","6442"
"5b1VZ2ppLmBa7xLP5kzF68UM12kGvxxGj6NhipNo2YWQ","102515146"
"F7P3etZrrvhYe1acGvH8h5V9X6xXQhLTpc943Nj4Qp42","4687703"
"5ocZPYG4MFQJZufAdXcaTo2sMVfWvtrstQ4MX1FQk5zq","4507593"
"4zn7hwvmR41P9eK2qjioibS9jVgxFdScC9AcdDjce5sv","927966767"
"9EHssmEgQoBijoFsKhjpExwEX2nJCgfm3hEBWN4BqJ7o","4553821"
"6aQCBu6VitZPHFsmVMZqJ7WDrA35J8XwWcGQkKWPPCYt","182163217"
"9bK9GzdqBJyq9vY6dteFhQww579SR3aqpSh5qqbobRGU","4706797"
"7MWDsjKGXgnKqDWzw6E8qXEYpnfVRVc7zpQXw3mFGjQY","9135889"
"rUVuYF5Z91nxzhrafbPhBUTDE4EjHqNDg8VFbguzvXv","4567076000"
"HeSNKvvgUviKzVfTfiuEeYMey3Xsh7kMHBiEmizN36GD","149965143"
"ER85JTvBnyWGuarK4GiFsFzVpmmFG3PdmDPXf759vfPd","4701487"
"86KFC2XuHjucFCN9Bzs1Hn6vAc4M9b9gLx5SHXxyCuzn","469169733"
"9JRpzBZxedAyMpF6cVwS6HU5hCwHszQ4yNthdqZPfDsf","4503680"
"LMhVW9gBHEEaQfWTyb3dztK9gr1xxtixFiNhuhP3by2","4841262"
"Pm9BiZJQFTSEQB6g7nSYVTrpx7Q221uyboLrkPKXE8D","28275448"
"8tREAFftCz62FjPqfDtyX9yjeUpuCgxGp28kaSNYQ69y","198164653"
"4wbDYWMozzdH6PJZF49ZorpPckmBoMD1D3vbdLn3jm39","9325401"
"Ft4NgzRKWFd2wVkCuXHcekTTxBzsDppNA4wCtziA8VGm","692629613"
"73YHC7ZALjruUvESwZJMHGoeKTF7mEjSJeqmEufUWsea","4716098"
"7o9vSKxSZn2ZdcKqEYLSXZc2RrMitCPHa1fSvKQM4rWk","14453980"
"FnsQpdeniZkNVY8Um5LrMHSRrP6da8cbRV3hr11usM4H","4607297"
"EV6nPpkUmWrysYuMFQ9knMXVar89EmYJSFMfu1KjHywK","388728145"
"A7VxFUatd8azWgTGCScKLTPmaHtPoSuL7MuzdRNPFkb1","10830580"
"86byfCN23J6xY25q3k4xzSfS3ctDuNuz4V7pSSSanFgG","67488300"
"NuPpzBbFnC5VBNLdvNQiFDz4VbexyYhEd1JZxYkJxR6","4652373"
"229LFpDhkJgvkWhtPPgtTYqWQe5L2CvHTXuKRQQMCwfS","4529585"
"9urv1Rxf9RjGkphpGRfHWUPLLXaycnSA8Np46BWqBBu6","9369124"
"66Mw6uBxkrz4S4BVJsqr4uv5UJp8q8u5J5GstGx1vcey","4832204"
"CixrJpkeEk2aCoaxbRDmsSZM1wRDPBDFddM2stkKpAyD","4768715"
"CEP9s53cprHHyXigB7mF4UTe96bxWb9ZP8hT9ZjhQSHF","238577111"
"ARiR9F9rNigqJsDUxiMEb7pD1ZGUT6p2ARAdt3PFXNGo","4594082"
"BB6fpdkrGdvf4jU4FtGK46A2JTttRqQ4Bp783iAse6vg","209791464"
"ELEPu5DpDjTKSPZjSNh7EmDVgnFjtEKfaXzAMyRQ4y5V","16269661"
"2JfTDhtzX6puF1E7AFmE891hNkaoNdMwZgckJvzXUmTs","251759463"
"Er4BXc4qKqLzjah7P8ENJgNSBUUdVWjQfcBEc8s5wfyA","4721023"
"5jNaxcSJTRrEYCBWyh5aG7gVwDUXHWdLDCfxEjYgXNJj","45559058"
"HDwgnfQBEL6qpPowrHDJio5Nmoxye79m8JciQcAyiABM","86235669"
"4jxvmjRdG85qaw4VpZq1jab8EX1KvA1hoYyCL1NXLdAH","4540643"
"G458RZLXBUxER8jxCpwHs8t4mrURNTqZMdwEFrG54nnm","14177931"
"3Fr7sE29JAzQFaSHjaRcKX6q8wP1jk5gjwio6Rg5d9cc","9092366"
"EeRVmgZo5EXNMRxkTzcZV7QY3ppz3CyXyEm9B5TMecxc","4505644"
"6Gp9QeB7kJAq4twyPrrqjizq26HZZfxq1XUTNMpwRedH","4638769"
"44EjYNziCxvRrEycc41WwWGTeWLbaHY5QjdjWdLbMzit","4596808"
"7WCXpLjnrv1cj7rw8k7gEYyMDL14oWnXQWiEYkMG7r9m","307509896"
"DJf6UrMSwCtx3JYADbW5fPaAnt7m9e7XvAmNCjrp59gF","16765650"
"EkcPoAZuavd4mHeHSoDTSjnppiQXAa7XSRrXBHGwZvnR","16516828"
"2PSTYir7RZDSamgB1Et2A9fekvruPKkaWWECA4GUpV9j","9236128"
"EZv7zQ7rLuMEHnB9xFHfQMfTit3o8F97pY5VbjQc3DRB","4699579"
"FAMu9qYJ67H3ZM2mysrAgEXbLraQ4LpfBvBiHyGpUBmM","4689669"
"HudCY9RTDdsxuwJs7GcEV2XBa5A8M6YNU6axbBLFt7zF","1404965647"
"EV2GAXdBpbsUWuW2KkkRFQw85vAZ69pe5K4odfou6A8u","726003437"
"3Lukg5GMRV3KHk5agAGhBTvK5tC2FsNpgHtUox9EAiii","16419722"
"8zZ68LJczBKdnixuD2Aztxz71CeTVvMoHmNqnifYxkE4","10096204"
"zimKLPJYvWMFWsaUcT1KXB5njk6rfN9N2CQ4ZtNaufs","9179575"
"2XZJx51gk93rG9drP6gEYx6U6hHRAN9HUTeYcfF8j6PS","4758806"
"HjPFiGtk93eq3NwpFsePMXRJNtc6KHqPuWGx5xXnr5d6","1351635982"
"C5Q43wUf51GJQhfjyhTpYCWcYD3HwvnrN3icSzLzg7yW","4577563"
"AnmWvbBvNERdaJf4egCiomRcB5mF5Do8R3c8fZ2xPvFo","4557153"
"F6YbVE99gUEGq2UaFv3aiTnRpKT5YCBammhPurtcPL8U","4581078"
"9hDVBsLkk5ZAqacrqvwNqtCAoHhBNyM4ZEbkuwnMVhCG","15267341869"
"HY1Y974by6jvdhcCJqocHQVo1S7cdJfQwn1HcZ6DpAxZ","4648461"
"E7YyXXdKAGuJe4TTRn8YKXVJUctXjeKcFPBKYgwdPXf6","104659404"
"HK1MQw5ujcg9zmGmx7NbJJEBQfFnFq52SP3XHyuCMioH","4839243"
"3sDJoEqZjFm2DGkexEwwKrk1Dzhy4tcThuLLAzufSXgb","4576028"
"Gyk7VgivMSnTGY9YfRjxiyKRRAjitpVzwVFhfqqmyCqG","4810910"
"59aAcZV8MFshAMmadd8qLvY6X52eALPbbswmvub5JEG1","4656270"
"FwYTYDXGETvvXtoBPJ3RqbYpZoLLTGwFRVngBnxQ7EBQ","689681983"
"42cFXkbtF1eVLND8wWF2r4AG5dRjv5iq3F23J8T4FEPK","6438"
"2ATXWwRRhVHFbFY4h4WU4uDQjgfYbwdennQAJvsVL3vE","4660628"
"D2KR3F1knUYcLGEYC5xJLszUQDmjgth4B29QLWpWmW2k","659716713"
"7nWAx2fUVx26NBvMMd3HkgcvqF3grfonn8x44HCCYqeu","9332141"
"E4AjE1YwaaUoDtPmjiKQryvaAhTZnQ67MrVXXXmY9rUL","155713889"
"FuMrS4AmffLkscRNT153xkcKv1nVcHBDTefHL8xxVmWD","2378763757"
"3n1BdFEVVSVRjGRDbivm19QR6Sva3EQ55x1Nnuc8ZNAr","27488974"
"9GoFii2xia2RFoNVFx4KVZfRnqEu8c3r9UbmscdgHy7Y","463548768"
"9Wwsjrv8qkstzDbpbdDHoC38aX3vR6HSvrzjsgczJPaU","4572706"
"HKFoQbhM3ssvxvVjrj2o8ivSQC46DovsB8wL9x2dFgUb","4642647"
"CmEJHt7nhcXzftRYfXEikkCVpurYocsNRxo7tvTKMuJm","4879062"
"2fKci11boM38bv51Af3bjjvVhtwUXFX9emVb8i9sW6br","4763425"
"EfVkFg44zyFrMSmzMHf1KDzcJyYHkgQFAvXTmPJyGmUj","15839"
"CxER4P5w6ku45YYEBzyWdkszKqbft2Q2tZniWV1UEz9H","48047841"
"3ePbbKuP5XmktaymCpGkYhTrMJjoyFfMaWTvjwztu9yd","1055354614"
"2VsMEh9n1dEXBwDJecJ3hYSB9HGirrfY7mMWrETeWdEA","4618410074"
"FSnnNxpirMC53g9MNy3ZYAQrLoqNXFG3oTMgaL4iQbps","451045"
"DrioUJP5sxXs2y1LfFZwDQWHBMroyk445EZnk9AC3NQ3","14388726"
"4Nv21JiVEqnSkTs3gjaK6Tu2jfTvN5vjFmnVwKurZyqD","13954851"
"8g9Ak56UBYPC9mES6we13m3sQZV68SnonT9Q4fpWi9Gm","14223654"
"JE1g7SpRmnFy99EcKoHAQigGnWpQK7cMqRheRGf7x3JT","4718327"
"2eDichncHN6vsU97NeY28N5veRvK7mTK5VKAVvYaMtei","365895684"
"GwBGsK4Ttk92CVdJ95WDpmD8xSmpaHW5TyuLAKVJ3pm","199908464"
"HhbZodSXvDP6svvnLiRCCS3X9XLUX4hk1gcFnJyWU8LV","16571181"
"BReMN8yAvYQL4P3tC18DP7YZJ5R9kWirNzYWS41eyGGb","684106241"
"DANwEE2gZmJLd1etW1zHaydkNk5JUQVswkjxwqfiCHYB","109044300"
"6dGzRS1FG7zZUNGn6UGqfAAeEcjJTTwCPkaw1xjf4nfy","96917204"
"DjwyUpUNbswFai5M1M9HUkWYZvrGzGN32UyEtWGVAFC2","468652721"
"6r7w6C4sZ4RZfKfhNCedb9cQNFPiQHSBHq61C3zW49t3","4538687"
"CyiuQxZDcN8KZM6HL9EwHhZHu92QJ5Guz3h4jbrNFVBm","4671211"
"3Bw6yvCkfYYrYwyH7mdqfr3B51szAmD6qpTaFtPdPtbM","4663071"
"3h5CAG2FFk4c4XufLVRNb7fEJC3BXGoLNQwGxiLi3S73","429617082"
"7bUvu4NEcPRgsk7d2boEZPCPKD9ypdMudqQ7Aiv1JDQd","9015864"
"GRKwU2tDKapYCUMfSgXr2JV3FQpTch11ba5Q6JPGLg6E","718308571"
"7dWwbj7efvMMFRKHVZ14Ps3kJwAsGgLMgtaGc9RcbAPA","368409665"
"qxGwVs5bwoqfNAbwoc92VPxmuMTgh9Bjevc8axV7WnA","4494000"
"3EsTm6Wjne8ZZnYsAQXY8VLmCE4TTkir3jVZfZseqAP6","464401863"
"vvynbrBFKbdAXHjJDaV4UEzZuzVxBRgZCW1Ujouvgzo","4590783"
"5mWtFXkSGgyr5fG1BNyVxa6dhrFbMEgpqBQDDp7y5n7m","4627498"
"C3aG1bUmrE3ypWpLZ2weC3wKiS7zzEgo1KbLdwyXSxa5","1993402"
"FCFVcieauosGaJdkMSwzRbvRtvi5rwvkA6ydZCWdv1Ej","4734454"
"o1wWQcnEQvaHLTvNg9xU4zz78P4haLvXuh3zVuGbKrb","16595734"
"1fDqmsVVPiNxzxjTNz4C4wojoTVRaKVkKMzaJBX44du","4704834"
"8kisLoUHDZBWiRW3A3ewA82JuwjJUkp6nZqMaxp2eXH7","57521170"
"FzuLuAriFkgx5bGpT4VsbFGBT9vhf2cmDptLnhVAfCkT","4622252"
"51FPLXGTGuyjYvdfds4jCyX6mqaDkKoXykjkBaSFEwb4","13975201"
"5A9TLDHLUu9pt9LXJj3khLErcfPGxGdNQiK86twLWqE2","4579507"
"GRf9MpQsc5kdDfNmAFb2w2QDXQBBuvGedtqpvXt7uKrf","10545481"
"EQiRxgrsc7bVSeVLh4PQTGaCiQjGtveq5PEYHAvzxkV6","4499473"
"5nSWqnMTzehf63HibuUbV1q95Vi87xjxEiBdJktPucT8","155147771"
"3hQ1kGF7cG5GYZKQppjhPtcoQ9Fpem5ifvUZq3QV7XET","4757707"
"6KQRVRhUB7ogNR72EsnMoy1raLyodvRHFSMBVM9MHArX","3865556787"
"6fAijVX29qTkm7Ry3mhA7NNuD4jsEYNU9YsCL7DQiR8C","4510905"
"Z6Q6ASbgphxQSW6f5VLJC6sigxbw2N7cJMi7iDNumAv","14641672"
"EvbabaoFEJHzTL7pVv2RoXyrQAzRAzRzSATy63fBGnys","672561310"
"FWV84VHsDtrsukeZ73VqeHLTd9MMc6FFemG5XYQCSKrV","775817197"
"GQRmEf3HNAqffjP4TAhc8v2941TuoAknZVi29dfbNfXP","4867188"
"BL1Vc5tX5m1WnFvNVxhWczxD9J9EsDNPnRdUFm3P5S4R","4534810"
"5ZjcQGV8jcnQqGqxdku32AW7giDMBUhqbHwzpN1wUZny","16254659527"
"BvCst9qUmDWdwP4hRUqSN7ftQnwVT6v5xvjmFzEAHGeP","4527037"
"GGt8ntZonEXyaHwUQeCwYbtB2Hiv5mHSFbgRrkMXV96v","1070139888"
"FMsuAGkBLEj88S83eK3sgiqXfQkKWdwukwYPUbL9L8ET","13977120"
"8HCBqCPntuAxGj1oU3biLKWu6fax9kHLT5fqsnDK4NaS","4500444"
"B7o2rC93r1AcdZAkvqHSo1L9UbHpBvhcRacdjMhGe5RN","4545499"
"B9SNr12STDyf6gzjy8c81XCjLe4vz1hZqmJnTdj14vD4","14299368"
"C3MuG7zRdABEq1HD1dxHCkrXMVa2qQyntPXSEe6BeF5y","9464074"
"DJjrwR3JCKT5nvWRpdBv7kDmPVX4WBrV71CAynCfLqzY","4533833"
"HKiqK3vFSQzFy9wqcpJUPnzBW7hXMQ8JSL6kHKXNcBxk","4707733"
"7A8dCaegbKD7B1RAJrvm1meWTsNHwA3bYPBiaNEHZVXa","296122020"
"HqN2m3a6s7dVYy136aksVnGzqWq34cH5xPmgcNCrH3qU","11358044"
"3g4MgHZv7NWdPsS7sNkzZ7MhYAvBkbACbB5f3J7suz3M","1163961944"
"22PtX7em29jGviLYgoxEgKFKVZn3Q5AnDATBX5d88p4W","4801222"
"F8GmpKQ9iB6uPkva3b9HjHv525EHsr3iGzRXZYZettmt","454051231"
"DmTfFR79LkotDwwFprTU5MbRFHikYDBE7GsRwDDwvddN","93012427"
"F21nsuNL3wrgtMTd5XpyWLSrx8wt8o6XJknSacLz59dn","196066503"
"EBbVw26r3vYMjARLHGfcCSUnfxHQiF4RPrCSdhQvek2e","4439888213"
"9fS95mBhCmioF5NBrAUhWYmRsruoQ4cHGNWLRmqPg8SM","28702176"
"A9naYmAtxorFoxFxqDVV8C8quXzn7dyW6dsm6qvmjdMJ","2022505427"
"BVBXqH8e6U2PBRoRLGQbqU26KqSgjVGCn27YZm5iVyRH","48320819"
"E32iJJvQQ5zCy3krCL3igDWxm8G9GmhzsA6UiZTyriG3","861884654"
"8P3efkAeMcscDjiBrzBKUQF3jSRFkMsv4ct71TZ8y5Qc","4611950"
"DhD7r5vHkADoMLovWzPJ8vyKoCyygSZb7wWV3vGRZdSA","51486668"
"HJfSm2jihhBJFvWvLXxf5aYQLTo89JcNQbdUQPiDZ3Wg","9223516"
"2tSziuyyyWHpNeLbnhaJMm6mKC96kvmuwpTywMg968Co","95634482"
"3kgn1CZTHXAZwZbGQPhu1wHedxHChgPwxxxMHR2Q6TvC","276103703"
"DUQ9mPNG1AMtdqdMdFJkAkZUk4makPW5MvQgsGaLTGhM","43560675"
"3oyM2rspi97mzUoQrqXpEBoTkD7Gj5WRrAxZbTF5tJSj","4545498"
"8z47ZTsUN288Y4FecKPQ16kH351YdRZ2j9uf61FSuwvS","1275915592"
"HtXTnsV5LwZJUeCCbVU5RDHywfzRxLcPy9uQLQknjWoa","4663204"
"GptfeNQYSgMWkSzZRM1AhPFhY4v8aU5jCAj6Kydr28Lm","4766246"
"Li3chXvzsKebJV3HhmWw5apJ2uYwGPBAC9XCM2ii8Q9","92885334"
"ADX55pvDFsd4hb2Hf16nCbJakfYG3WedsjRhJdRe2vGY","4616403"
"3mvfUBfpe6PoFc11Tv2HsvLNguk8PSptwwAvp3VqCJPh","9804157"
"9Z1TuguGdLfoRRhZcnYozfcdNPZqkxAVmc91h1UtKXyn","4482737"
"6tZX1rRd2xUGH9QzBffrUdu1xUXDpGP9aSDCjedThwwj","4905358"
"7GEsp21xW3Sd4ECQFUgePLdivoMSpf4cn7z9ZD1Decsz","1060883421"
"CSpDxrZCLetT1SM9j44kAyc8GYf1vYdXZ8DMH32KivNM","4749214"
"7CWhcV2hb9DJD36EXuCtAWinXVh46ag2asU8QFYPftu9","9958564"
"CPqXu8Q6f7Zj878B2Em95LK3S47zhqX61NJuHxoTtmPD","4768578"
"GnDaRxEYvG353vQ2g5tW359B9uGAEvPFeV6EM8kgGNJs","4714952"
"G8mv9Q6jRdrH3EAbjBv8mqCtBAm1LrRMLY95WaZQmPFR","4703446"
"R8tZgNsQ5D6aDwRZXutmdsMC9fdVR7sEcYXXBCmBwks","35161983"
"9YroEstXVMFYGPoUqSVQnqYBjp7RqnKHecMcj1L6dMo8","4635959"
"HNhTWmyABLx53wqSrxvLMVp4TZ8geitWcw7wsm8G3EcS","4637800"
"wU8Qw1kGC3KL6jvxZmZoxUVeZ6vbrnkHQTp4T5UJzY3","4642666"
"4r675yooEwHyEK5hXHmSSa6vb3Qm4tF91hgZNq77pBSr","11565375"
"B9CgUZJzGvTNDPXMuZRVaG4AoEorJVhaUFhCjtvMUWUx","475981133"
"HgUDhE9g1FF68SXxcxxxeiE3KgJGcKKAUzVwojUZfcC1","4719296"
"DTuk846PcWNB6yhfb99knwbWBMFGFZ7zM3nMdaNSGkwQ","590886719"
"7JmxUJJDQ4ctFFw3ErMyfFTM9rrkWraaMKu7CDECjn1x","4523117"
"5iY3Rg3p4Nk4XzBFr7MDcYf4XJbuBdTWjMTLDzC88dh2","8978638"
"A55aiynvLGDJwzzCDky5JFBPsU9SsCrwrwCBYg9zZnA6","76250357"
"FcgBoTZ4R4pCo51DLXP5aABRccoPea8HHV44zFKf4spa","92744930"
"8BtqtBuVm4yxYyLeNhEm1UEJ4Kti6aJKeB8XEGADfA5K","4509551"
"81UjJozxdnY2iwzoDEH2G2PNkkP3eDmG7SyLSZdafDVn","19060974"
"4zv9LdPh9kZuVTGVModWiisLQHnN2Ua23JzfpdSMKTbp","31416924624"
"EQRN3bFrDP6AjbU8J49P7ZN18pdZFp6QnMJhnCkN7XMs","129232663"
"GKeepDiA1ruVo4fuCjTYj9rxdAxrMYQEZvMrqzHMJ8RG","859623018"
"7RzRvSd4qJc5rN37tkEsePX8qj4NX7dJxrDgfaZrZ1n9","2809"
"BLgLku4t27Rp5rZGcdLcgUvuFbfKxB3sjqF9jz538Jgb","111808"
"Btf1Bv3BTaU4Jt9LZjAswCCuzScB2z3EYK2iKQnhCG3z","14247750"
"GPQRRPdn84dyeNECtAKMpsncZ8zSbyspuFGCvv8nqh8a","4577563"
"Fi93YMMPT9J5VAzC7kjzdWqyVRR7NyX6NVSw1UQWthJj","2134897177"
"7Nh9yiXbehiEgMyemSrYbjDv9M8rNAJs2dysiDC5qx8c","4765694"
"EEfi4zDEY9PKS48H7dqo7mCKnmwuPGKeHm45kmQBLk4R","16701916"
"FUDQc9Xf3jnmYyPkPWfi4qh21yimjNdMNVMGccuJxRcn","9809646"
"CdYF3qp5S8F37fFWhskc4mBCHQUdKNHATvvrhCssFVo9","465572841"
"AkaEMU84Af3gwFgyxeLS1CtFH6yFCSEdNweDotTgoK5w","4518292"
"CtGCbLfjSJG1CHeBcu9nLDA9hBTptGnNL269PkGGxY7F","400005252"
"5DDJA9yXesXreaEbz9pA7dggSqk8hxLLuy1fGHbyWWjc","4541"
"BQiF1bhgNgobz2rc4M3nkx7LXo8SLyWcHeTp16cBkUgU","665003727"
"BqNMByAhr87op2xaAnGSa981S4HWSv4whNFq6jXgxUPx","117574028"
"6BKx3c5miBy4Yw6uDkxHdLxDCYNXeC1Xfo9vXAUowBSY","23161373"
"Bzu8hwQ6YKbr63wFRkhCpVQsAfg68RcuTFyxVxti3ZHt","4722093"
"BXiiZaJrLA2dwBaPCHrmc7AZvFTKuJm4KEa8vLc9LQzA","428460352"
"27tTqhSwT4ZUXRfA2gBM5XCRSyb5CS2Q7cv7w7amdfLA","6531280"
"7nPjqSnFWCinpFUc8GqHHhENr9oxdCHxhHE1rmU8bSje","1834252057"
"Ct7Lzm2N9ktatP1E9nSnYPtNp5uTBwNLj2zH9tndMfyv","4574056"
"Zbodj5zEERr3uH8yo1VYduSWCotDekQdJ4aLoJeMmhi","465836251"
"HoUBTyBt9knJCVarcec4anHNRTzF3wdPb39ZHGSpo7KU","605744666"
"8snvyfkpXLpF8yjptH5SmfW3UAvytHdv9kMbmnYKFBhf","4658202"
"4fd7dZEmVxMAJW6UEF4quWVjUWDit5g8roP1xVfH2CB3","4668901"
"oXvquxrbaK1beKX8GDXc53BJbiEJ3cXfe5tHBHPFaah","16477846"
"DY4nrnSdTLWyZpNBX1dkw4UDQHm6EvoWBZDS3k3mZ7Ac","4580099"
"Bj3zWqvNdGsKFPzuk6LrY2AVKZZFqA5MQUGs5bcTTwfP","8555502"
"5YXGPye1gu9upGM7AiCgmc77US5NhXkXFofT8jMB28Dg","297743983"
"FZrMwcx1KrqhiCToJezwN3G3by3aC7juYx3iP6nWDR8Y","1376695724"
"7iDWJZqh3UCRZozAJ3eRjrhp3QVngaeXEXvXtmcvY29B","4567255"
"Eudbv5epMrVjGegugyigc9kbLK95zeti356FSQkLU2Qf","666378259"
"5bp9EDf2z6R5cfMsY4ercRgcufu8dZL9zhGGMJoFAAUv","4494972"
"9RAv6Uvqx5746ZU7CgS8N1iBLHSNH5SnVeGamRiQMfZP","4714570"
"GbyWZka7DMC78TVL346ubz6785Y3WBj2jH9afMV6HJhg","16418795"
"HVG2DWwTELr84RYddyD8Yy3C3dBgm6V5DPzoxJYRNzHb","4660151"
"FZKgRQo7s7vAEGWw62tUYvgGiM3j6TpsTb9VGjmK7YN4","3710"
"CW6DcSfcwREk9QUrZM8kUMKvUH4CwWuQX6DDi8Q8tRXJ","9013682"
"5dVBJoAAbGjuxx1jea5tqo6HjWvsKfE1q7EvvxeHDBj3","2851645943"
"HPeb9YoXCHgBP3knVSFpvCBfeYNsgNJPzwbN79vAm1E7","506450153"
"z8q2vMHD7sm4sQCGuFetGEphEozj2AiMLX8qyk71oD9","4750663"
"2pgu4j3MuaJ8iGmpGeTMFXftQ7LFQeEvrTpGxtca46S2","22292914"
"GL2U5Zsn7G1uDXuiLKem5fKsWbooCbpBxBZijT7sst7L","912846224"
"D6ZCGMXnX2HW184UhgerD7HYbm5PD3tD23Un16dXSSck","4489131"
"GoQ4Nhvj3CgYfGqMtxV9Xk88W93Ug4qjcPJwvkTBzMCc","46131372"
"5VkxTXj28Q215vTgw3pJB8XWCW74gNkUvoJ94SgduC9G","21039973"
"5bVymEEoraPnwkT7LhRRMm7wiBTMEj4xw51SEVkY2wKw","4625555"
"AapCio8RVzCHsRVc71fYCLYnJ8jLvdzi8iUesaANDKVx","743410644"
"14ZviHpKbkobACv4mku1n3Vu2EjBUXiDopWEiYkFdo4k","14081439"
"APPhSJv11TQMsxw25BWboCKcdzaPsQN8scgncyQV6TMz","217137265"
"UbjWAkmo31jHmQrfSoC4NvDrE5QX4xsYW4bLPPEx6Ap","4660521"
"JAHXgBd39kiVBFmpXNam8WUyfD3ARQiPbcULkSG1vAmC","4592726"
"3j4kNAZfLNzYg5ZbFQRiXtKFqjYgjED8pipSkuf7ghLv","128228517"
"G5b7gLGaXgHx27oeudeP5J2BSby643rPvXL4DQ9Qhwuy","4713037"
"BycqsxsVeoPAneySNx3nrKE2ixyZARfHsLPV9oAYiR17","457716130"
"mrsFAiVFpVPVN6V2JMoChVC92oMST8KaTjPThSAWY4m","485051875"
"AGWEvgNp9wUKTXvb5pvzzwD4ufzspy6wFiJY5h11QQ7V","4482960"
"Bk9e8R8seCHNA4bw99Znw5hivN94m5KuTDJ2gRNQzed1","102471616"
"6Fh4FJW8gymSxBqegNDh7FAhCYFDmv8iatG26ocf1dBb","4835195"
"3o6UMJGwTC4HbpVWaShHNaFet2tnC9n9HD9yDMmQ8dGC","9842178"
"G185uWasRJcNhmqbrcNwUpC58h5bK8xYGjemqC2Qq9Q4","140514341"
"41CjEPxvhTtzrfiK4cLcPpLU432GD7JzwQ7B46rKg2Zb","1851950783"
"AtnmrhxkZqjRCc8nH9FB3CbfzG6sJqvQpR1KQxnQuAVE","4670967"
"7qJ3inT3voCPCcgj54HJM1ayDED6r1uNzPEyaG2Sx1ux","13932721"
"9ierTp9GFrBMfqPQ4oEHs6SCNR8EtptcUHoXtnu4eQ4f","4585337"
"5DgaoBDscJNorahFttpcGypHcEwzqgG5NMj4nxJp6EAV","2541008548"
"DxQ9gR9bqPixWBvKQafWvufFHQPDB63iRd63fya1b7A8","4608656"
"5BeSk49ezFH9qAH2nXjdadRHTkRMJjTZ5fjASm8rXdDK","1110718572"
"JCF7PBwKnHgJohoArEmMW1o8hyK6dgGBVkSL5jfp1t8","46333779"
"3jm1rQXDu4bfyz85rv39mSJ9XGyJ9SNotW36fXcJcZzg","4732742"
"3wCLndAGbydkSg9ESK26XpYCzKnFgZB9prbf1s7iJq2T","4524730"
"DixEDbigH8AUAxJr7o5g3ghyeKLZBRmsdtLxbFCD3YRP","4660118"
"2iqf1Q899yJ6DV2QHzjxmbtbiTabWGNyEuBRy8HJm8Ec","4680371"
"A5LT69hkNZmoqd4Wn23YbEc7Qqnf1SFhkYwTbA76uEEP","107349602"
"G1wu4g17H7jMACoYbmPuwTsFkLnABcbSW5UvuhnQYke9","4630034"
"Hd6b12UxBocZXKgXPSpGPoMwmgwKReGnSGfTFMurtaCW","12943648"
"DK3A9nWeG7YUHFrbSxWYkxxxHeCN2u3DsqQUcSJ9NbNN","7130198551"
"2J3uwC4hCEqBW9YpJbe35Hh6twdAaHu6F5VnHqudXiRA","637635698"
"DCHdjBgbvsVuPzQ2pSctkDqqFDL9fN3eH3NzxVQELxcN","58901830"
"EdsAnCFtJfcg1zH8JotAp6xCxWfrY3zYZYpMXwhtNQN9","2969407750"
"BXnwq61cAaNC9G22aj3k44fTsHJHRski7BEn3WBqXxcz","4678018"
"8Fu6YqLamhqke5UaCEz9zEvtM91YfhkGeL3zH2t3SDbn","971273903"
"6Y3uYbdT7C7NaGDhKnsbF2kRzkSqthGcPq6Ka9kAiYAm","28191550"
"Hzg7yYoLL6nUZnDe1aGHCuMJwmAtq1TbqHe5LG43iCaK","333208577"
"ECHgdZU9aEDTuTzUTfc3hQiTyoX6ZW5X2uLrn6aYRyhx","183602787"
"4SfVpUqpnz1SGALpbyMXNbhCLDNH5UuRGRzJczkLDG4t","16580410"
"GPJqnGygMLoBUKSoyr8tg5kqz1UpZkejLBaFRVG7XYaH","4587273"
"8gFTfFab6h6UX67fa6QEs2Us29SJdjHAM1d7NKVjR4Zj","1560824835"
"7JRjKByPzGLmTHgjVcTqn5GQmafz6TRHz6ec889np7np","4627122"
"7bV7C36GkhMUS2Tv7NmchQQw8822FMvPLUT8UeqX6qLP","4805044"
"9y9M8w4JPDF9f42iwQytU71bjRz3hy1BQ742tbwtiDtL","2244098053"
"5JVQMBpfX6uv3m3U6kfVrKnRTY2bEEMvPppPMvNcR9Va","50157616"
"3pkypA9vVNAUbkY5P7RpG5hZCwikancyVHPyTTqbxBH3","716487167"
"H3F8ux7x5tAcgAXiTkH559hF4fJ8m3YmQDmGJSK1ZAP4","4541611"
"J8K1dp2aA2KawapP92bC6DzEFcWDQNbBQeSPyRbTXFQm","6579917"
"ApxnqKbRQWfSV4KAC3ixXtgVtxysaE7DdRsYqMREZzfM","85719212"
"Gocoa8DCeLbio5X6yBT6atFpTpYUr5BYqZKQFM1g5EiC","469539932"
"ABThRHJYc8PcpS8pmyBPGqUNTSzTMtfvpku4AmCrxGGj","78421543"
"ALjax2UwtcyJPoZasVgyhrbczPUESje15CMKDrwYx6qw","8947845"
"9Td95rrPMTbTioZn18ruKhABhBpnfjHnvqq57EQTqE7w","4579507"
"8voWR4PWJunuTX9g4YSroJg8WothUFzQ7F3WLMUjgAzT","4496888"
"6cF9tZCBUNGUbw21Czw3v4XvBv4h2dkDsVo5DknYtgq2","33262224"
"3ipyEor8JTyjUhpCDNKR7nHi8DWj85YsYbezWAKNzr7s","4743970"
"A38pZnovsMwZdyknCArczXwjkQxXQ6P7E6rkRsfkdG4t","9302792"
"14U1SQSJtVkwMUrjkn2ULyctGko2J58CgCdLgEPEJFke","13125000593"
"8G4xtUcXTxtssfaZCyLXPqbyGLjRSdiCKV8fQPkGQiXM","9251976"
"AQZC1ctW9woxRmcPTmM4ekgkhTxyR7xCmm54495ABeff","4842629"
"3K7vhnnkbQhhXr8NqRvF46wgn6VT8jYbF6GTeW6q9pFz","4797585"
"XGxeLFMsNprZJDwvEZUA3LdQr4tEn77vM3PxrLbT4XG","4698540"
"9SaynnnrttTmNWviWTuCmFTR8uUdo2gsUCJurTKGBdMc","2750085479"
"9eFmUTd5nPiYUsMqWBvepwRJUrhmZXUVuWUwX9Jua5RU","745071242"
"HaUK8HNqP9QHe7wzeyU1vJhRkYEoBEB4kL7ChbrjjToL","10512826"
"J7DfiJWiNtz1wGkLmPrMwbDGq5wGL7cMtcpwmG9tuMXb","1937459579"
"7USR2Ng3DCQ5Kkq4GopUGP2CjhQwwGCWuzYdd7YehGiY","4611573"
"Fu93awLPNo4kbu2aGvny7pZiN8xBsVudjdTQRY6r6RqD","949496869"
"HpCQmM459HDPPiU5CULuJbVSbXyQdho2jXj8gJBvcUqK","1335553154"
"7h3gG6kp3bDkEQrkL1rWvFbrqdUSxfpQmDdibT44yNRq","196578623"
"CBaawfyARKXWkGi5Zx2oziB6mXJSBvt6wUaCfdKqLfmE","2411893856"
"Niyr6RiJqWVmxsK11ZT6JDpXeGN3ySvacqppPRyH6jU","4685391"
"7vch3NuQZCtuxPbdkyy22EXSrmew9gpiX3GJ4MspuveB","4678347"
"E8PXNe18BvdqsaR9qwTtavP4nuEr6VEWfxzt62g4xYdo","45992984"
"HquWCjF7kXj5SDMd2ysFep9oo7FbnEd9XkECHgRMyPL9","47122385"
"4dpjxnRqtvft3cyUmkCw5nRWbmbeP8wirjBsK9CxWaX7","10074360"
"8RSeKY18unqtvbvgiEcbWzgH6n9uEParxEpesGLaxomc","4495933"
"EkUveTfhUFnVFLBJSAubgVsg96eVD1V7NUfrVRTVxrnD","4495936"
"9AcqzHyuUT878Y9gEAVfkJkoZjDcQfJ1n6YbftbjgzUj","44"
"VL9EpCggaVww9YngFkeHPS3CKbbv7ZaejMkkPSuiUAs","74822907"
"54PwALaheYXoj46DSrhxjD4Rqg73yYeDocbzfdEqKhhE","1222808867"
"14poEBtgRVB5b3bdGTtwX38TinVuWwAQdDmUfCPMyV86","4681664"
"2LNsEzgg8YdKdjaswWqwfevq2qgULmL7hbXUbtvJczhP","4760182"
"Gwopqf2ch5pRkfhDyscj97FJEecaimhESsg1Fs8qcSF8","8964974"
"4VJi4oCSSdo47y8uCFBKPNF2Y1efoWgwQ2A1yrMpoFYt","4495587"
"8GB39avvPM4YhchCd7CnTgdCrDs4ku8sDsx6PD6LSzNF","4502734"
"7382UfcWn21mKgm3t1dByXMmGzuDPP1qqb9th13zZrAe","304265491"
"5wPjGpUPm6uQc5UEgjPmrgZLsqfCFaVdrhFHG1uvNE5m","25468445446"
"FzyQZBkSB1coXxQehA2EKbCApJpgEAph4weh48P5obrT","4673760"
"2Z9qEThXnJ4isHh4shKg8g5q2RXh6nfhrdWJ5VpLbCxy","16469125"
"EQaXWhMPBnfAiXtW5CtzY5JsWypPVmV1r9mvCKNPsRsx","16859447"
"GkjacTay69pvahkprpDfECnjzx5XZpa7vwAHbLB7tTkm","19198334"
"BjHMTaxG8a67ixDTEW6BfP7Uc22n4P9r2MASRZfFZtv8","4698608"
"E3VE6woBfwgBEqt6WbRn5JsBXKdUJ7eE4uv1ewGGPeZ2","4725106"
"4DmPGeyqiyNCEs3Knj3GUXnTMQNmjSChpUFC9womPubE","4630035"
"5hJn6DeC4JzVEFSjx3JtpYU8tg6VKwM3oC8jkTUnZhDm","462324195"
"DyjRNoW4SD6jkwGg775kvLNSRR2pHA2mMLRZ9LfR8szp","2080205658"
"5xQXGUiGhGGMqdCy5kHR8yT6K8mKETUNtiCuWK6X6sx","474661548"
"UnjZVbXTzsdfrgrSr8CjiQnoYmEGPjo49VikPb3Cjke","4688335"
"4CsVsH8LN36LfMzNNTqS9TWoAuREgBbhEW67UkevFPQD","4554843"
"8QJ8Y8MFXzPPjnV8hGyhM3sCGFQaS7kxfzqTEsiBWCGJ","54238"
"2LmyVWWH6arBTmZdYP1KX2nRbRRSgmYJNm9fGzooMNZf","84002124"
"5zVUMcrTN8M9ZoY1RHohahcRZRNAMQpk3S9qKJBGNbYn","4785395"
"34zCRkZcFgHmmSpKVy3a3CTeB2SfLxpGoXAfVjPBz7ND","20149464"
"E4pruvchYMtPAMp8WEhyrRKp8ryGP6c424EpLvQ2Tcfm","9017853"
"64MDGB67feSGfVrN1M1jYCChBQzscYUQK2Jmp5dS96t7","4655276"
"BTdefKcaL3UZ9Q3vfNVT9NZoLNX3iwsE5mnfsU9Qs4Zu","948360720"
"6HFa6ifwSTtN4HQqtRvogMxZEnWEnhWWjAKnkSLJewJ9","101383791"
"5HTwsHJosUMc7ZiYVU8pThBX4fDfmoHy8TwxnR8Kt4zs","2250878555"
"93fzjDS1Fbp83fD9WMS1KDpQrGzAZq9GbfWC6yaFAPva","502150101"
"6kghLXSCQp9bwpEP3Ua84qCBAgTmd8mueoDjgs3PRA8q","49582547"
"24whAVXLunHDjCBhSCbYyr2Qi9AJs5QdNACtkCmbgWXj","4618374"
"6GsuQRAmhw2T32jA3mu3LziPgbqLveK15o97hNLjpkni","90545639"
"GAWXj2WMc6fzsahbWEvWoLKVddtSyREahJBN1FMU9MCN","4621902"
"4m5s3W3XgSsykAgXpra34k72m64JdkwFhHUNwWnafcxD","525968314"
"4g4VJ6uXszk6DSynaonUqXx8AD3VWRoS4tWnvA8rbUd7","1486480294"
"AifAT6xg46py5bjERHHGGixvfUmVMcCWuCMF4HsLtMa8","9211883980"
"CuFKb1jBMDwi5jAvU6QuN5LJTfBoWKV2PZakcgPeyRU1","65342989635"
"GfLFp5YY2YbwWYVochjbQhioRKAVNb4bawQkB4ZW8QCA","2221528729"
"AzfjZJ52LZem2UXyruScAG4Xi6n4NTiV4miai8EhcY3x","751127264"
"F8gP7jEN3zVqe24bSWGGeGPECu8FsZLA6UkqiXyQkMUc","9923809100"
"DPE5XpxV129MESRvzf6hMKTuvepjLtRRKS8Uh3UHaBR4","4795330"
"A91CMjdywvoMa6AydZ9utzuGff528BKhEUd4vavNFQhS","60530330664"
"GSBK1hQbz9KVpJoH8eUWdwRCxTy3WPv9zUH59TLctvod","959594666"
"3F7zssKsqKxPdWW7Km2rq642MN6DNRRqQ2xX8yBD13Ek","101714365"
"5jtc7Xd5KGDs2mPRpjbFNAqtipGG5cmM8Do2kzBLF1YX","966701862"
"9h3e3uqSfpNCqoEZ9qv4A8YsxbzxZH1MBfSZq9Gmtvet","1855177687"
"8Hun3wnFFtxp9Zb1qZwv926izuDW44oKWwEzqBVZtTAf","508362462"
"GoUi6CuRD3ZsFzAGbAybcdw2e8mRvwzVx6GGyE9pmuhS","209389400"
"5LN1y6FXBXEBu3GasSbcfnGLAzm7WB8nijGcttD3HohY","6070629588"
"8LyGPy9jPYhtr1FYWG9WAjTzyuZvBMKRsFjnpDGAuLf7","23763610680"
"GfaS85m6nbKLEVZGWVfvoBXxVo9ZGyVm4PSTkGqSs4c3","16549606825"
"CgPfyqwo6aJaXUyUMvqnqFm1S8naos72nBQKmBxEv1u5","328103580"
"7W15Z6w2QgKaew85H9J2nKN3mQSQweQCX5uG4HEdgCgv","564651282"
"f68zQ3rQjuUKnF7Y5A8CDgYTDM4KuPWKDwikSKHGUj5","3246822291"
"G3FyuVbgmF4vEeF3M4px135agQXeQXx4G4Bo6NonLRwp","573390013"
"Hb9M1aLMcGrjpEruPeH8wD1h9orsi5seHnggnNahXzgs","4034829677"
"8xLAzQWiTLkDGLNkKGK4SnAsUCe4p9JRnPgMFaFf3ioA","223767120"
"9iohyWsjWzpsV2HGMDEX89A5eFTCN3SPcNbNKQast879","405093511"
"FjMCTERHKzXG9QjpWPFVxCsJW4W2zCgrEYGhe8XZrxz4","966583569"
"3J9c5bjTEAPRdSGxeRUiyiKtng33UAUg7JM12wYg41DF","9199354362"
"2ePG8oF3nfAcbxXYxMUaGvTamPmkUcLkhRuhZGKCBkv9","506685041"
"5FjjLCeftQbQxJfZnN9VuToQ4jvbGnyz5hwtGgateuBF","497081553"
"4p5ovUrwdm8FbHvLK7ciX9kFdsJM41bwz9KWzJvYXDqb","7039188076"
"G33NZdANHnd223WHnjjK9BWg5hWGqrkFxHVo9piCwDus","6324209"
"G19AxVieLAB2ahSDdt7hDtvDRyf4J4QQLZ4djA5tPTFj","961710688"
"8ttAuGDrxKCEo1L57wh67zcPTZNtMHXmJsju5Djb349o","7973296039"
"7b3hjkwAUjpRnUxqFB4FJjJ1YHLHKJinB2izJ6NhYGme","3964465177"
"AJKuDD4T9oGwHX7WaEchWK9vv4kLLiHjjV3vVTsNdeEt","660067845"
"6bYDcGgAjBJt5n1tVQHABcyzHZUa5XgkrUEJ2YQMKNNf","464173781"
"6fn9crvDbzjouqKwLfVtFVWxvTyVET2GvLAMsNbEHkJG","5921925"
"8k3mBPaERuq9dzDpSyoTkQWKrsj4JjugxEVk9ff9Jifp","70506575"
"DubUxEubf3nSsGfGmWyncWhrNGfw1KbgbesDo5oQqetp","9333562"
"HsCyNfVWjzS9au3w2mzbgqXXsNNr9wRDSHB169HUPS6V","29464190065"
"3sQHjHaYX2W2xK3cgdCvUg2VzXKuoXAwugdz9U1h2oS4","533242115"
"Kitur3F7x6JHQMViuzDS2FV8cy9Ba4Beehrmzh5b7yf","475128208"
"DXLPfH1U87UhTRpdXkgpn3Q7DS8mN8V32h4JnxKyDSRq","1001902115"
"GP1UGX45UG1qG11KzjJ5RoJezo5QDfi5uFAknUbr8W3Q","1261622182"
"BW7q9wkkqKkJCkd7MMTvidp2kW6xAN8G5FY5qWSCkVKH","63420763"
"DefqkXTM7u7JzzcLNeyGnjHW56qzzi4cecAFUHLwPgD1","3377084356"
"2h5kQpMSGvHXk79aZibeV9yaEz8QFA6AafQJKdss31dq","957080153"
"5MRSfVeNDGLBusWUYEHUacKNvbC17dJ47HxjUVqGRPBC","103102660"
"BjJBTFL2toJXPDaiNkRzzA4p5HA722jfvVnhT8n5dpXQ","500496039"
"AxtCCG95TW4X3mG86DBEDbX74rzaUGuE1tb1t8gePyCq","45738717555"
"B8vkT8ozjYgjxb5yLaFeEwC5Zv32fwgsP15xH1aCDLMY","597760077"
"Ej4jPjm3vRZX3RXUxgsBUEtnBSopBnkKQBhcR6ZQvkfk","141221325"
"GMCbuzESf46D3uu5nTSZDJo8QDvWHvnWJVM8czYkDM5F","224078748"
"6p6CxpTpgTa9EjYUNU8Jbipd9NozawKG2qEpHjzaDaPw","1852909269"
"BEyGjX3LvLT5qKw7movj3E4Y8BvEbjzUhMKvkgzLUCRa","515492604"
"D4Lf9ZGopqAzxZxLgpNpacMqzGX5R7zCiax2kq7UbRP5","9318333"
"EtVVPyEYkXhtNxSyJcCCvAEzixHV51v8utvhEXnFbZ6K","476690949"
"3TVMDaCTyrAHurL6ePsH3Xdmt9931KSuAE8NHdgSD7qD","157650674"
"9cKdQ4F2aXnEyEfurbHzLh7dJWSjyQVZTPeMWZNmpFtG","5074828200"
"9a3W27NsfnUQBhnec6DLHJ9qWewb6TsCSF1eNjsKC5op","463628346"
"68JKfftqK5iUFMetM9As9mcMPpXSKveC3hXTXohmj4Jd","451063912"
"8pkbfx11bE9Wvyjqw4basnr87f5LoE7eSV9F3XD15V8N","9366047"
"BJE57hTActMc2cC726932QYsxaMkrt1VDLtE98U85EFW","492686500"
"3idANfA6b4GqHENMkKHcDcfU6JaHPh5XiyD6hHR6UmbG","330310015"
"3SaRoUL9YbsRqSaLiCYesu7HLoTqfdf3C2jadKskdQV9","126240944"
"2R3db56xeXoji6ZhhP5FYXtKRQf7es2TBrRtXNAazRFc","46867839"
"CSoYDybSKcF37XBwRWCKAQZtFcNfK13XtFcsA3C5t2za","23717514143"
"36qPBUsN5aid41Pri6pRCFtoXiCQGdrDqcbxgUGu6DEw","9102658"
"GpymS3AjELGVnZSaCuAoCxqR1mq7pHTP9K1rnUUremQq","497171143"
"4cvc358Wfd68isbtW98hMxgzeaQK9bPTy7foBEUfNsSH","2632698473"
"6LhU4ZcVPv3DwTTym75JwCqvTjUsNoLkFTwxfUHg4krc","470047915"
"AmrZ725NHFGZHtFVbVG268ubvkMAge7UPETMbQVwTAbQ","106434652"
"4EB9hafwHdsj2Xk6jn1o6xz5KBkX1PKXXZys2Bsdm6ny","8667498424"
"9zXtPSkMuAfzgEhKPbRf2m4aZoZNEDTXUqmoQ2uK2iDt","505271709"
"EEdZ7nVbeSV2JBnq9Whd44DCQEM11rGMAyhPRNPfjocz","516343748"
"2ArN5ajLJprzrg34TAK18a7ryE7hpmK38iJAxonkA3AR","1246469610"
"7EySJBZgoc5psa4CncTVJ8uUHNpD8w34LPtihue731GV","683962273"
"EkQAvYa4Ek97Zb3LdtLBTcNeMEwf9yZbTGzjPjQnrVJ4","18879788759"
"GiRHHLsX2HppYSGSmdu8X8RM1nprtgmJadEe8EgyS2dg","5120205583"
"GWUY863xNsWnVvxeGqjeUtL58bZTEtBgVSyzQTvtjAsK","5777267068"
"C9ePEF7eDFwMJSz4ZXieH6MdxVVqYTyWBrtLvRS4XfTU","2404586355"
"4vtaX6qkX512ChRWC6tegieEHKiL7NmkoH6QJYr3JXp9","177136971"
"7TiSXELud8yVRmMm5y7wu19qsLWCfzoDr9XrS72b42ji","9407540"
"3VMULGumX6TU5TEHAW141bPLfLpg3LUw6fqmBdgugqTs","107555330"
"AR2jjuSJzQAF2Qo1hBVAhzJ8WMjB2X8beKVxRXFfXA4B","143369981087"
"HEq6gvVjw3CB5Egq9x1Txy2JqAdWSAabvUwfhnamkZ4d","41740149964"
"dxMg6ACKcNrUhpDqVM6sXz8JfFnP5svcuyB88Fjs29j","2998328666"
"2wiyJ85GeD34NUXzHFEArzPuqEpB5wRSHKerivqCvDmk","215305695"
"CnQKiE9z8qgvzX1feMNJ94SgHeB9uYmkrFv4dWh1Q3oV","506049498"
"8v73dKQA7iqmJiHgvgzkUSBrQp9hF7pB3ypM4ieupsDE","981805745"
"HELbyfWy3cyLvUJNt2HX7C2iymDHR93AhN9J33JUEAss","47088891"
"9SezXFaLaLmgGvcdVfjsk5ViGSYeLL8qHAmKj12VASzV","950106180"
"DMS4ajSKoU4XTpqAWDjKAf82TX5hDR6LHwYy5FYzWLDe","97420849"
"8eJUrzZnVgcrQVwYr48e9JqHZX6TRbE8WY4nzhBEmbW9","5245027003"
"AYew6BBbNzKwSNtp3D1FLn1Mb1j2XFoS2Mqs6oLYutH6","40840020"
"B2WoczGQTMzLCNjSrTaNPCWPPpD5m7vTSzu1hWnjJog2","10394328767"
"47PFF4G5ZqGfBwYRUwArjs7vY31jjDhYhstDKyAtpTMr","5310701"
"3TU9JwJGHXFsrBqbaL7KmqeYR7PBQmifhcbp75DvD7Yx","2030772428"
"FXbGJuKJrhA4wMY6ctXixrRCma3wY1fSWjP2Ux1ersLU","6573341708"
"gyPiC2qP1ae9MHXD4v8eC9SLudvMdfXWqNSK6HzaAR8","505934267"
"n3HuUZDeUUNHLkZHAiiFBz8ZJHaAm1UjpGpuLys1s9v","282222708"
"FwbVH4r3Gm6rgjRJQryLYYurXn7jcH7Mz2VBYWycXXkW","1154584874"
"6hhB4oJ6ByMxSjQpqMgfN7EgmnTvN73hRJbeXDsTBTa4","2423154709"
"GisbM11X4piG7GxYsdHnTGUUWzwxUtJMJ3qpW9jtDNEh","652941317"
"8B5tTmVjeQGFfNDP78959ErA1uMqBBGB5aeaXTi359d5","372175622"
"9LdKr8Lm4u1NSVXUq7nE2XSK5CvszPnfnDeDC3y2TEVo","507497049"
"2Xgu9P5EYPbAbbCqpLsV91jEigUkcwjVzaAmkoRSyim4","277792628"
"4memjMEHS7TjyjxyxxUTdwjiAnGZL4ncu4kjEJ42Dve3","4287298594"
"7Wx8FRE3qvXz3cegyqchMm23pGt2fEzyrUyAHS2EBmwP","327665172"
"gRcD7bEAiHA4XKDPZ7EpVSL4SxTmstBuSpPtb3T9nnY","592192542"
"CCb6naXpqCSSFbQvKENXFN1fBebK2nu2kGxe8sSnf5tv","14068625"
"BBRQTNHRKJgbXKcRrr7c9NNj6KAD9sc83Lw9ce9TVUfb","989398649"
"BCvM5CbZgAaWBnEenSsz31U84ZtzYL3nRdPVSxe28hUk","2867214664"
"DtW6HjzPPNcgPmRqtYmFbweYLnSdE2DfgFkpBC74wAhh","973215570"
"BWiXr4x2ciLN8uuMK1CVdJmGMHJzjFzHc69pmEZPEBwU","3289958564"
"6wUGUskF54PfFWRXGDEazASqLPFLCiomePuY3rh17G1K","7615334682"
"3Mb6u9negz4rcbX2NsS3f5cRrBeBPyebx4fondmWHiFE","474909260"
"2eAznMtC8wmNFQ2yGnKGq47hEbYPB1mthkaZ84FLj34R","63465080"
"BxrbbSaUG4wVN8azDYQU1GkA6cwk6BqzrbwB6wRmegMK","2144587831"
"484BT17wZFfdRcDb1cxtYniEQQf1RRXD7BHMpy3VeQmN","505766965"
"8DVudaQnq9Ti7dJjbme8PsfUdhusWhZ4uV5CzwM8YTu4","1804174369"
"A1Mzn7XZ3rnMapYA9CNP6KVzgbTkQmDqWtRBtVGW5e9D","20972569072"
"DM99UjfLxCRSbabeuNQ9GYwj8KuPzBLfh3YkmWd65pPg","23806653"
"26mtKFS1dCAYg9uTNCTCAm1Rd5xpfCGM2qGpduPSKeg8","511868280"
"DGhA23DGvu65rTvtn85JgcfMvSVWmBS4gxe1xMAQUKB6","462759567"
"HCaXQrdYndBFpY634SYuN3KFVsScFtK5HzuYY5yfGPsA","26697320865"
"2YvcWECBFNmbgZmvfDmRG13Kqckd6uVf9hriDJfz3Gr3","16708475297"
"3kxqN4iTBAKYUzkfiAeErU58bGDMP8Rss1K17yVfmC28","505522245"
"5btUoWGR5G7CAvTG7DcPFwf7yUYCbyLBDCmaf85CHRyu","510784511"
"A73MnbPkUSM5UYk1k8v6cKhWrBnwTEA5a1KUmZUFnmi2","9091642"
"H55GLexNhgtpS9iUgZm4Q4cPWp6efaLN3VH1PNTm7Cj3","261970698"
"QSZk22svwEozAAdsc4hfBQNQTDrJEgU2sPDZZf7fUcG","474858338"
"8aS5WGGEKQZ71uD8zKTLMFHmEbQm7VDHckkcLW1VMAqr","790461756"
"7LguNiwUzQQEWsKo2CUCzif1bQXJCnJAapv1YVtfbtrf","280"
"E4RmvbQewPuKfAmT8i97oBG16afNBPpdFGmZsvNG61br","461"
"B8ce8A8FGzwTToKx9qtMfDfVYmwXp41Jz51JzXsd3Wm","289898519"
"ECa97M7H3F5wBNCVeyZduUvAuSpxSxHNnBBcGs9xsckJ","676478566"
"2auc2eh1RhTgvUYFqyVJkunYZcdH5QeQS6jxTNC3jqcC","3390970845"
"9RSU9Mj5HbrtDoFrU1s8ZSdhcbxP5bKFxppczogjw6N2","25752770687"
"DFUENDijotkYUk5kknfotBWaoDn82ZCSNDnopTBtibSA","73236705"
"8NmXB1WMh3RA3byq6cVzaW56rKSoTjRxp6ingvqkRbZL","512428767"
"EmoxNT91sqtCKTT2Hy4AshCDF3UCnQqoQjRHmZSjuuNK","10987399971"
"DKbXCFu5ctgdPMv3scKkza8oUSiruHydSVwY8jN93J5T","5937967903"
"AUDnAVwziXkFY4s8VmYvW5dhJ8BTUeJrAgmmRwnbzYGV","254969639"
"622rVFSmabksAUw4scFZDJGo5zjrKFTqyE3B7S3Cmqmj","2789140921"
"9yr8v4bn12xPB8CKvF8zsyZmY18cDAf1Yo3gX9zNjBqT","11619065063"
"53cs6MrCnDp8V24u3zvcxnLgXd2zYPJk53pAbobHqLSq","507065616"
"Fs4jyqph3qaFzpZtC3u7kX7PwN3ER5kvKNx2aNmXdETs","477217860"
"FBoHt6FJjUVFVafAxAzqBtohB9F2qgjXQxbWqgH5gwJ6","101477"
"D89JgJPGaKhqpbgrTMZFHzWLSjggyDMmqqEACGdQzS8q","214703110"
"ETrSCPuUHisXUwddPbQTo3s2caWp7uXqpjPHisTy2vWN","463976786"
"51GYGr7TuMNDY52N5mg8LxibhJcqqpjkLZmY2JpH5JT3","3375973349"
"Ds25niUVDAMNyRczHDKKfGDadhpJsyZRNWrYmz7vcVrh","675077909"
"5nmrTVfJqb9TzzQL5LFFxC8KH8crap5vxD8ALmTh9p6r","13087381271"
"AcQnmKvdLhWAPC8WrSETuCSsu25gE4zNzGXihirovJFG","493367171"
"Ajx493fZ6SHnm3NaaVH43QNDWSK5dipy5p6ysvdUhGRQ","507014711"
"3SB688XAL1TqSUnEWzTqo286FQX53CQ8e9wvpB69PUdP","484107951"
"5z7K4U4rhU82CNajXmQUpV7ZxSQoDyYPLEf7bYsz69GR","2585018049"
"WRnEU7NhQQEm17e2St7jkmki6CrjJfCJyuSHR2Hz57L","1063456518"
"GxcRoM1hMXZB8uZ2tXiNA8KwEsEUWcN7WevW31DTvNyM","491717726"
"6N6Wq8ZEt19tP8yRYNXm3EkbLg1Yte4zXn7DnK5oaBGf","1974787011"
"G6Uu6fGTjqwRJ94ThYCH779E141kwAxApTDWHdYcix2h","9236967461"
"3Wu2hoYkxcryaGA5nQfiZJxceQmuPQH9VieE12KBHQAF","507272646"
"DqwVp6Av283oZo4Qy5xhkCQt6WqvPW5r35QoUqH4saPR","2387764147"
"21ANpe53ZXhVfEjpCQVM6RXpvqPS4FTz6WANeicMJ3o1","7251425"
"5VrtNGDhQ8zYFBb9AXZrtjCtEDjTKxUgfDPg8PBFJDHk","497984130"
"ZQzZWPNwvHeeBrFucoJk1XNqaRFDQGx9aNjntixmHh2","3497682790"
"GBzpEch2HPXZZhoRYCeMCMXaQRpD4CrGwCvhLxCMKyir","463996099"
"yku9oFDVGQPApFVNWa9DPfPDNK4UMcQKnzpQsmqZ5CA","702826356"
"8VhYbvykCWXZM79LtLzThgnJRL7vnaw7D569QhvzB8QJ","9869875693"
"8mhDhZoksXGapRoWBFVb4yNtU4eP2wA3zLHtmciYhKyt","531754953"
"DzSngdJXHdWGmUUGC7nhLgk7kv538tHE5ZRV88mLJbbB","1158027069"
"2fXNmfmKfcKvRJsFUAR7NMVPWEnh7QAsKH7YqWyUCLjW","4663663052"
"Dfj6sgcu23nW9V7smzoUHLqZtQDybjsirQywZosWXszb","504914845"
"GBxaK3o9ZUSajWXydar4jJM3WCzTNWyJnyq6UsA2dQd8","472613436"
"6gdkc4FrKMQL32ZxkZcXynGvsEDHUMKwkMT3tBixEmLW","726246015"
"DhywCmVxRM1XHjEYvDNyPBpfKvrvj5LaJcbhit5wZRu3","950234628"
"Dyun23oQwbgfm5kiUwnZaqMsmgERNM9ksbmCELE6Mpue","314317267"
"J36bmxXoHEMNc3ncec8b4dFpHm8BJHU2DKYR93NAkDtP","2821694418420"
"4RrhWc3WySAdC8F8aDFG6wLR4ZHVWn6DBHjaqHtCNfFg","4559778069"
"65HM64HF3uBVppe3swxq2TkttGc6bfu7ByDHU1vuPSsE","3266455521"
"14itLuwYVkyZRaFgRFnydKtXhzhGmjhqpjXHpkek3U7c","214825198"
"4cXQYoQVMenrBqUkR7fqQiTCv7CDbmh7i7Y8bo4U8nyJ","495588266"
"GfFBgtDaRGWas161K79RtNgssq6p5t7yKdUw1R1n35CV","4056504620"
"96Yt3tHFBEb4YPFmDpKxdAWP4G5Df7bUF2NkxcgVAaU1","5143604101"
"93oV7booNdKMojENe7c8HUoSNEfdXiJYe5UMwhdzPp74","179281316"
"BqjRfo21gMrQfksyLVcQ6DeDgArpqGmx2pPM41iKJVVy","505776812"
"6yH8JnJ6WRfLukv67yHbkfS846nKFxTtCtA5yF2X2o7B","18441140"
"3KJoT3UukaMQB7aPB1qmojVboUmz5NKrPUBuf6rehBpU","2936575197"
"2aTZCoEVfWgGbjNC1N6WkqWB2szJ7ZfS21U4PUxdmuiW","18698109"
"9KuSXfV5efej4wh3MuYkqsQS3xZr5m5qJUUTa4cXNufH","22"
"2op7GuJZXvgxc5YB26NszSZJtVWgHtoidCVpzxygy72L","47470826"
"Uobc5r3DZk2h5RK22efzWK47wsPpR2meLU736eKpACX","692974790"
"7J4zu79x5tUwZYbBrG9GJvvuB5HsLw3NAmrRUp6YLxYN","463889390"
"8koKMGiJ8mpWP7Tpad6FFghNWtnfERZSdJwARaWuHp8S","256531819"
"9Hm8UYoJTMdTwVvWAKK8L5R68DPoZKyiG2A5AieazdDt","115168874"
"4U2Sk4F2Dc1f65L2rrPA8EiDZEu8iFuP5bipgVr7HXNp","5026080088"
"3szcADAqYLQr1moYunWd85VYU8fy59qZU4mg8rWFYwbx","454377831"
"EoksG6VCdeRoKwTDoEixiWgS5ePkyPoovTWSwHHoVNSP","142637416"
"2rFid1V9QhEeCnuRuavPCJvYwKpamdxksE9VoWxLPjTz","473730444"
"GFkFaWgKFN523CzfxstNsVD7f9HPD6kjnB7ndxkEZjAg","4013993336"
"3ifb7Tr4HDGqNZX8UTeaM8HHsyBatyEV5GXnpmGuEfYk","100066805"
"5MSYdZaWJnAvRrVt1NqUzdR9ELQr6uxG1HHR3nTof4Y8","2057285980"
"4kBB7gM6zKZ7LQUVCgNgpQzdSJVpVSiihmD6A29fdCeJ","444356786"
"BhgJbiKMQxfztZ3WBm3fQBnNr1DUUEjCbzKHBJdo5YHx","469735414"
"4jC45G8o8V9cDVo7nqX4LDySoHRe2XuEShp8W63gyhho","37446720"
"DjjAhazKejDF7kFcqjZL3e2D17WvvLLZL4xSLm7CgbY3","18981360"
"DDmjv9KRaUh7aiWgdQEsrLUar25GSHai4R9H8Cg1Abam","987319051"
"CgnRcZNoLNCpFzK2z3bt7tvvr8UYzsgkascdqfAG3THo","8159474558919"
"CuzQNvBmuzv5FKGo8yULRyZ5MKWthA7rA3eR35NRHWy6","53389656536"
"93JrnbDdA9dp1FNDaFsWc4N8g7Vsg5AStcyHiLZNcW8o","656504256"
"32LHrEJCiPPqpzgkocWSRxWiRTzZEpmsasYgX3J2rbvw","10527867406"
"B8n4eCSurXvsEfSxTo72vsfsY3kuei5Ez7U9RWsmas1y","280926712"
"9u4kuwoHvGajhVy9QfDkh5kWgPvDmcN1uj4XX4g3b1GL","2087448383"
"GAcx3qFTnRiPzccR2cJqVBtuukXhwPD1N8ciK7csDuJY","711107425"
"BYw2wLRPM19US35owcAhjohxDrcPFTkawGqu8h1CtnEe","1389062127"
"HgsdWifiBBX4ygGskcQ52vf9mRSPSXmyjPDYX4mZ5okg","981018411"
"CUNd64bC1H5vD3MjhmQzo7wLqWtUsdjmtdAxDLLEfBvN","466682293"
"GXzbgMeBVY2qDQ2Joz7PrJmXsd5ZN5y7Rz5VqZobXsW9","491998437"
"AbKCDanhXiomSLuLGos1X7CSSh2usdgTqQwL7UJJhoBA","1988268950"
"8q4Vfcm1CyVaG7VnR6xocNzXCKvozuriq8AHxAYfn2C6","2488793675"
"73GPFYjxWaxVLskoByZubVHfpVNk6LaHB6u49JEXhG3N","10523555008"
"7Ln6TFH9ciLy6izYB2dLJQTq9d2cVgYqQ19Z1RB3VpDB","202794892"
"GEsqLTKEJsdTEyh8PA2j5U1h4XobQcb9n6ooSm7cQ4JH","473458924"
"A1tbnd15LK6DaGzGwitAoQAh7rX2XKSuXZfLqiPzWdkM","2142081185"
"7YszvJpipuynKouoqCZHDD8vLsaXAaJ8RAiszmTuP8QW","64404037"
"G3HceRiB2SK524252BVBAWaBTTotw44tp1cW5trMM8Vp","497250928"
"6VHhJXcj9BnqyQFAixH5LWUz2LWCWAWumRpSXjs2ghkL","13300432"
"DUp5YU5tsg3bEednVv5u5vgX7Y5BHcSwQzRBdc5M9ADT","949993211"
"vz3hwpYag9yuWyENKjcBRunh1WVaDuqvaG6suL7v7TL","497241269"
"5QGdH8abryBa5M6eLk3WouAVhgMULtwbdm4zp8L8xVMh","3460773291"
"8fNsw2xDpvXNNEQx4T7RxWWZ1seWTmgYFFG5FtdxZVsC","4268681590"
"FhERqzM3MTbTF1eG3aW1Z2mkgmr8dvHQnLPb8GyEChp6","3310574497"
"86XPFekVtLVN19mMnfnSE8TU7GWzYwVMmrTaSVR9E6jH","2265292329"
"FYmoBSEWVCHg98hxQUxCWJFnctaCEVaZEWzjdnFpDuGz","1337685047"
"ABuWmWBYEfQ1bXtFyjpDN4MFTWr6q4xfFaU7JFAXqbU9","51140288"
"DUYbEYGUx3JF5x6rUB9KgqktrpYnQ67L4E1XHzMg48HC","513895107"
"G1N7agkSbSEuNtW9YRwrySUMmtR5JFUUmQu31G4j4nTj","10368236"
"BEwqewSEqhs7uco5m3VZJKusGxEfFdowknGKNFhAcEeN","295578444"
"9k3kpLRZH2eEAr6nh6W5xyk57fb8dEr7QGymCRQAEk4g","450941985"
"F3KrHzMkHzZRVF7SsFTFYqgmt4N7yZJPvd2qygQiKwcf","173827754"
"FcSFaLnG7PnJzXBHuUrVSNpuNZqic7RX4xDhERNf2qDf","986149521"
"Ey77s9BChtAG2kBg3YvQsJxw9MXCLmip3tL34jhYgLus","443491638"
"6g9icUcXRa3V4EoM1n37qXG8f2N3EKpCma2Lq4swpCc6","312304083"
"KtgmvYP84nfgtr4HS1DUqHRfMsoNq1Vcswv64xsdAqw","1143"
"AxqQqW1gQnXQsDFgkmMUvdVv42QP87MknxJZKnjhG5zu","18569167"
"7xEBL1ZMqV6L5bUhE3mWwq5a6vFVmCMrPH1MrKNwEth5","491424507"
"7jFbvMhdSkQ3KxDdFHQgYuWW1Zvq6kXdFwCXQXhxDc8","28167893"
"GcAVTExpKJWLXvb3VXYt4Ggr7jaaayCSfSHxtbqgvUfL","102958695"
"GrypDukTn1pJApo5AGa9DsyTf2iFNxkV7McyDpZWNdJv","504574580"
"5VZc1ArZea9uvQ4uBCA38VhaLHsoVNZsr1RpXrjKzddX","95987241"
"8fV8SBtc9XeFgzReDRRpZ5qv5kpc5992LQv1nPV9LB6S","5327781442"
"J9SLwDxZMo6m2qmFDkBnZspMLwN84KFsBG92dbdLHwY","835391133"
"FcAbtGbsVrh6prp7MFkQStEr3Pkhs33XikkUQTSJtmaP","570023664"
"Chkr9kCrYntMNt3VDSPYv3i45H7cnkAavQP92haRjBa2","652921808"
"qtCyjwSrAdpUvXkkRXzVy7kQWyYVkmAXCmaozb7nr5e","470761420"
"7hmE4JGn5T1q8gH9svu3nX4koWdgkk9LEh1hqsgoaJrv","371636981"
"2N58c8HwicNQ3JQ9qMQEmhfmEB7tWvhCWSsuCLFJUtoB","466438133"
"Bsn7wzxbqa7bFkFZsBs86R4YFSUbtJNkbtNnRM1tcwrt","7117573132"
"7SyScXAus7taWc1w7Q1eiU8zrhm8M1L7qWw5y6SnFxGs","163890510"
"DrvHJXx7srEZ3MM8j6ocVE7chr3dh5WQJUM7J5FBBAvm","944372553"
"DzEbR5q8yj4d16gm4coYY9vMjJtgKKdkkN2gmnNDLWNh","1027550768"
"65mHmWKvFpWxayHjMUoanEuhggJGTcuWaHo3CLXGygjV","66552"
"AS28XpX1xBHuH92nvYjaPdKu6r21RyncGKsuFWtKnoa9","1852751484"
"AGyJXc3TqL6V4GzuxkvcDQpZZm9psyCGUxXA87CMAAk7","469552682"
"6RhVWvrVDrj6wUysBVDnZpAFuqQ8yh1EEfxC1Cth7m1c","5460011"
"Hgr6N7LscNZpUXCKX1D8RCAFXipCeQWUkqZgmNGYNV2m","5052331"
"5yjvNnxBF1ncPGjCNYPzqt52QkjVVXM1yG6o34DtA8VA","5052281"
"8dY3cpgoLDqg7gLhBLUSCKNKLfzFHBebPYgxYiMawpUc","506111809"
"qYbc7jR4cddZFYbBEqfFVbwBDFmqfW6rNAA4xqs4Dg4","961710463"
"5Lc6KL91cF5wfDV8dbYpGHtu2A5nNLEjzfsGPRaSKzFv","9867645465"
"kybrgMqALt2HbnFW3GzSx41MmQQYgkAPt1WpnbhgztR","800662355"
"79XKeBq8vfNrR5841SHK8qA2QZp4EV9tEFob4jFr6c4f","2384549174"
"ELWsqWSkuvPhjgiiQZ8hFqV34tNJcQ2h9X2VANkPHc3s","1818278478"
"85x6fEmXLvp6rEechHQQnw3obvferAXGv9yFNvJ2Eb8V","290038117"
"E3YkXzaPdBzrnhTP5FvmfPnmkRyc3bdYbARLcxryd4xC","495193191"
"6xgq8hn4kRGuzAU8MNE4qg5GATKnVk2mgHz6R3uNtkgy","859395803"
"DcFToU3M9cWFFDHGWUnsrsYCAJVa4Jr7EriHHc1ZRNkJ","103151249"
"G5kkLEeWcy4d7Mivx2g5aH14rMK4tryc4EzjzbK2i35J","337697500"
"2bk4DBerSdHZP1JLE5Y83VDCTgECLbvdVJsB8xbBtDhh","647590579"
"GPSngmevfhbRG2NzCKubaoNxJ38z3XEGPJjbxeBWTsNX","1021516186"
"FVYnEGY6NPW7DddPY23BEpZpgBWs65YVQtKBhQNhwENk","494229155"
"BYfAe6AbLScJ5wbLxKdeEwTnEMamjw7HntjTXvBAuWe1","1235456896"
"AgL7sxSyAWjDUg7cPr3tBpMzuC6DzL7Vp3Xcz6jght4y","9116459408"
"A3VsXi1NFGkQBp1qc6GbfYbZv4hNF2khu7S3i8mpD2AM","2639647830"
"J5rrngVpoJhdht1my3ghA866Sxj39495UB8hkd6uyUv9","1502810745"
"GKQLTBev3jUUkZPuAF24QksffLcS7J3AaPF3hmnEvoTk","977927487"
"CtQWAcGd4nuDsixYMGpzrQoxEHt1D55FcZZqySiE28pD","1921095648"
"yh24x22jbBhfyFhr7rmsRcGKLPWBNBhjrW3SUNcLAtr","530925459"
"6bpqtV4tYV1k5fn97oLF55ThiYUQXdGYMyRH8mSvFT6H","995607"
"BMaTPaiv2dzWpuP7RNxhTTxsxQbNWMNGkXmeHKE63AhQ","505087851"
"GdVy6W6nrXWmx9pGJRdamqw38vLtvw7YNC5naoBb5TXs","453449268"
"DrTtWXeXFx4aiTAC3WU5owt4tmQpFvQYYfDQqNQRso1T","1976068074"
"E6xwnEiQUASAxyFtjBx2GjJ1vUnVbEJTyJeKLfJhC4Dh","27451720"
"CJuY342aqm2ULmBa6hUERtfHHn7yaq3qkPPcwGrspQxg","5305095946"
"ShvST86TgPXQ22Ur6GWzTVZBZCv2n44X5TpvMy91b9r","199181306"
"5AtePc2hcV9rCYNpwSjxmK5HksFkdHvGH3Jmi2N9ZSKn","18634428246"
"73awGxJfAzLH6bTrMa4g8Jedd2HFqA8tHFdQJgf45ZgA","120646274"
"7BYMnACyWzmaYtEn1qAw5UAQ1AGQzTY32SfaCFsnsHER","1041481641"
"6UQBDHttdGnLxe9YHuMy7V2ohWfoeAVaDzLoYWMZTXo9","508184373"
"7aVXKLYyJfjv4Rc938MCFK3vSemWYdWfYZFGBeKPRsPw","5128210"
"7PrHNVreQJepjiNcnv3jEhhS8VuqjoLxYDQfDy9Kdd1K","654457900"
"CqZ2FHLL4idSu1W8zbNSCYMr4AcySkNxxXvAUmCSqUgd","2320812793"
"EyEixDeJybVapSH62rwAq8D2iTa2YaWbEPBBWfweSRK3","955846682"
"D2vs2sxtep53PM9nokXK7FeFcvRgNPMmrpfhmJQabB6Q","339891783"
"HF7xZdt2zjGYawYFFJQcU2NQgBVfpfQGwuDwqQjnX5tn","210089027"
"64jnX6Pd6phF8dLmwjJgvXxGG1qJfYLhgiJ86tWo1TjW","585486195"
"9wBF2922j7vpSKfqr9Arsybi1zWVF7GY3ZTs6QLjfzEB","476220251"
"5jadRoFEPZdESahKtGwwSVPNKdWUJ4eHJyTweoZHpRko","245815693"
"DNSA9pLNbsU74UEXzXENj2Mc2zcQzjWU7fsdK9pRun6n","508998110"
"5Vqz5EK3dFp47UTJjZWYoP7EQwY32PiX3V6KLZZYSDPS","1929758058"
"A7UqR5Q9LQt3q5BnJyuUbtSrRvSUxDa76XCd13p2tHXp","1240728615"
"Ews8efsdyk1QJFFJ9PjaSN1A54AmNJNRKu5wwvieCCxF","8172438228"
"G5bMGqumD4BVuQ4TmWgoYavufNWMzAGD2RVM3GJ34j46","256774858"
"Cqg6gGd92qJERg1MGJZkEdwv1o1bTTAhN1RGmi1iASXZ","501523392"
"2qt2SKzLGTmTwgjUuPjxqFB3Zkt95HQTnBo2fCdCxxfa","128434586"
"H4rs9HPJ5EnjWbAPXpfAXsvdXazYdWKag4cEb6oF835F","879939"
"CGZszhLoy6f2K1GR7NmKQ6hLTsW7Z8KHpdWPgM99yS1F","1316334039"
"76EuMv3is2iSfKmZEzeTxts7kqo2pG8Rx2rNEu9jzRHu","67286945"
"CSFDK9FCbJYTahbUShGSbttxnuZxqmy7ACHVxGmHPPps","9872776578"
"Czvo1yZpNGAeLDL3EBf58JjVkMKPsan5Xzfu6VueL5PW","5052306"
"3MxtkGuVj2W4kRUdxzNdTW7kRCjqsdZqJaHT1YqR2FfW","3225084304"
"Biwop9J3w9ojKKWYQovRckNdt4D7DWwX8w1TJSgjWZtb","515432782"
"9MuLdaaMaY9ZZQKY9nMjWABQcEpBiB5F8EobicpKtpX2","7780957378"
"Aigo2y3ZAnPQbUwpL8wykLaGwnLQga7oR3Mno7M53mm5","98718505656"
"HsBkY6TuxLrcu2dwy6ntZcUBzpN1YexnUueKB5gWcMBt","508115794"
"9CQZk2yLmQbjW7JpNxzYaGiwEn1fa7xwrV5eCVGhhiF9","2071919"
"CWuNaRh4kJWamqwMM4M7cz34vqm5pMwwwowvc1Q2owjB","570336497"
"3ZRNABKcxR8TdKam7fMy71YYezQCVGXDMAzdS7vBK1Mg","5024173396"
"EVYj3jns4QpkfaNN6VuLXvrFq6UhtexFUFPdspR4XFue","509493478"
"4PHZUZQxJhwMburLr6Vy91Q9zMhJnJ1kGP72CduadaTj","16059483310"
"7vahpEswcdCwsgVnSFboHEvmohvy3bgj4S8UBgSuSTXZ","57082373"
"B6Ls4b5Fx3DazydqqFHCgQEjaXfsV8vX2btU8s2stSAq","3500677280"
"CKLTdNof22M964fWDGCoGEss7vdkasFVTaxBinsWHhrv","556468126"
"32KfquqZuqbLuwAGYNvcnf4573BD7wrstEmimFvhWApY","486293616"
"9kSdi9LfafrdqnNyfVoRY8yH714hoV6TpBip63R7rrG1","56176890"
"7giC9syRGMhK7msZJ1iETzdzyp89PKjZDT3BNkFArSGy","446427106"
"8qJ6vBwiKgk6Jn4WJhFsjszP8CLrSH4MEYE8zdCUnD3y","511249386"
"4CGvPAtNwZ6XzR4vbMMyX3JQr6WyEzvq8T1RPBZHt2hi","586419595"
"5PtpedYV3Ly8iJssEDzH2VzKnaAX2jW8ePfBRBE6n1B7","20366929315"
"6YMMRUnYUgFLcaX9y3aPAeyxB5SEkbSt6EZaZx6SFRp4","1022738809"
"8Dau5jge9D7jeFwYaTZsX4Fedv1cYRBgTu1C4jZPuxn6","449630236"
"FnxpxNCXifCFwYVBWaNDsF91XiY9y3y858eZJ8bSXJQ5","18755685"
"3QYvy9v1MbQfyiFyQLFJ1RTEtpeDCGXQk93ducj81Efm","323393941"
"CeeiJMDXN7rZoxkjbFopeUAJE99RnBzbWEsnMyvCDyqU","2027712215"
"9QsYSps7ULsTDSgQ8pxCofh4uccCSU4eoPgF68vYLzYb","439017312"
"AphwbqEBpsoLowhsGTFWihUfTWMseMcueRkMje2JwdYu","9918418666"
"Eh5NCBq1oNjLCgp2iNnAFRE8qVb8e8CN4jZ9G1BvuWwu","1643800104"
"4TkprrZUAshxsgjtVbkD6aX3DiZ8H47JK5WXUzwxshGz","7483910564"
"Aa1XRhtqKcwnuz3YKHGhNaUwneeWd1HwosLZR6nvQ6Ni","1061386457"
"9ZekbBw4dByYav5eLqPCUQ3LxuUkZb8ZtAVCQhqboJRc","1923540466"
"U4ymwecRcSrkFMTzfKKdJEDrNC7B2Ui9iYXGMY2v6hJ","12092246288"
"79EbzrtDjjiwR9vEKSSNTfafKRD1RLFc69h6CHVPSiwB","2140722867"
"Hg3ESAvUbrSLohCGW7Go9kYq5earULHT7pRNF6q9DWFJ","373592346"
"4jEcpYt6oC2BcaP9gXZL5VarD8LffZzPdxttFAq7DKPF","41616093"
"5wruW29LSY6MEEhT5aJ2URN3RYZRX4mb6wfh8j1dej8t","1136164332"
"2nXBERQMihdEPWKC33ER2tEysyX5QCYSasTkuxHWqqxE","9344508606"
"J97YPYpCG48g53DthJrYJbH7wamhLvMeCxkobzw8JQLb","2914789146"
"2D9ew6XFNRsvBTiKk7Xa2LzYdhwzn6PTfdUxY9SVM9s4","9285265"
"33bnUt4zijGnKmQ8xDgmCf1a4P8iHr6GUGP7jWMNsDPx","951132157"
"9WpyHHD9et4AFRnvnFc88HnV4pDABpFENo8FXrsN4ezc","18518440"
"CJTvzYtkFGfba3Km7qRbyYrzajNGFySu1VPTcZojbviP","950094124"
"Q2yu2mkhJPsNNwHT4EeT3zBfWM7ooE4tANLCC5pLBW9","106657998324"
"F6jXSVDecwYQ9RMNDaDKtAyAa4DhVWV4nLZB4tvuKN4F","1642515420"
"D9RfyLUskEYjD3exfTFMV87pUzJfTbUuFdV8UnrUo3RL","588909734"
"DV4xEyvG892xofioLxryAyhjYua6RFHxtuo95n5xQMSv","583301036"
"8CCVj34QNGw6f3GutJfENmAqk1JTRS2SDyKRTgC92QWH","2994995880"
"HbySqpdtTNSiN1a4QL2R28Ha8boSdmQh4PDEFQ4tP7rr","2964689317"
"FuX7K6zKNNotBoRfsjFSv7qhktU44G1hAYJLF4E4BvfB","46952726"
"ACBhcSNkVmRRfeKE19H9hF6bqx7BYGcu7pe4UUYGAFyn","511601565"
"Htb2cqG3wkH7sN3jDMJvYw35CRrGkXUdHWbALsLAtDhi","4802505996"
"GLFtCC3LvwyYDYAF4CSZJ4W28oFHgY5xo5kdkTsxqdH4","61670417913"
"AtfS5NoadsLWHEys6nAdcjHDUziGzH5ys9XRFwZbThve","18680964"
"3K6u1DcwdbdxVLmuLzrs4ndR1Cx1kPAK8CRKeevNhzsj","3392346662"
"8NpeztKN8FdK8hqv46doxnpaqMuiQ4cewWx9KuXkD34c","4887530477"
"8RopJKmoD6f6adW4FYsig37QezDES1Mw7HWfXPMj3Gt3","505907968"
"EThGyiasMoxgzYn1hbY93AxvrA5J94CTi9srmbnTmqpK","1983947766"
"4faBT8b6qQq1xup6LMVpu6Zp6jTh5wX7aXgiuMqSX2yG","2774698494"
"DKkvQ4UxUbacpfReqcwGmmnAoCoBzi4YUahbJ8fc8ayZ","506561224"
"6mFQDFBuN5gVVfZbNgz8RawFSfTzdo9XnSEAVwi45xn5","502818601"
"6QyWEcgGXpvKZRydZWDfRjVTbGQCzi2dUKaY61ERe7td","160128506"
"DfKDRnL7CHPLLqCjE8cUGmqLuWbU1oDMzhEVf1xhk9fj","253420930"
"73ce89ypK3GdXvPSCbJTGr6uYP14ZEXGzajueSrF1SQh","492014008"
"E38xeuy1f6zdqmiPpkWZSiVJtLTM26BYR2hnk2BNd56W","286147302"
"8jKhYxZ8ZtoAtNkfPsYHgEBUD3s9PJnNtfZNPi9u3x65","943660232"
"7cZx76kp6jBfq2mYqLN43ynAC3Zw9PVtnbUmMFhGtfEe","4482657468"
"9vSWHVDUrtgUdYmxprMA2NankuPX8j31srF7w1ensYn1","474978110"
"B25ceJMgZbAKCjjzkp1S1WG8GTs5KEfXkk1hXqRSjnFX","3497831793"
"f1ZnhHRiFveDnNiPDMgHUrAvw9imMHmD42eUryxhdq4","5772696917"
"HqckjVmrwemQEc1de34G9geFUvAhDj9uHSSLvMPcmkA8","13993543842"
"GYMTsXEs6dPeTeCs5sww7BHfbfaDTfLfCVrSorprHqFb","10178165687"
"Hj3FMBtUw3smocqGX8aaZNGxYu6z9bRUmYTfzPwDAX2y","15277975040"
"Eokjmep4Kv7wWHBcYnmWC9rZNy1wFkhXbRtpobnzjyQd","66"
"2Kf6T7C2Qr91NBNYrqaGbsup4wbMZPYa7C7tecQUGLei","1513236832"
"B3DNd5ZaSFYdEGmb3kfnNtNueVYvgtQicWCqo652eyxm","456546626"
"2L7pPkem4v98CfsEjsgxrVu4rxzhHYRspCLCrgSdN7ko","27788696"
"DFqiqwXzXm12Z9zv6ZRJvXdi5f3uXXisjD9Ad9bKyNEM","2132734787"
"6sQX8i6HpesiBxyg8Qvm9DJmvMzyY1d7eMJK579rK64v","99965648"
"6URLeD6czi8N8TExZKwd7yKpC8w41qNNjiDmkEnEKrmR","3631238714"
"56Vn18gpChGrLXH9bwxzxEDLXct2tfXYkW3K79V3fTiH","344928913"
"ARdHw1QS7pJJa1kpoRu7XjM7Q2YpQ3hm2ES4d15dLAmN","20105761"
"BpWEqBtSDVHQtk6DMbyHVLaXst2x116Xjt9GxiTrWY9T","455938023"
"3NP8zTUuYN8wdJxHKgwfcuLsfRuXyViwvpk8vK5o4BJb","2126373685"
"6t1VYpE5azCPMDo7Zqx9zqcBJ8unjodboPyH2gqN5MRP","171135936830"
"AcbDJR6TnTN8orsyszp978M3To2xCpE5gCS4X337ZWsq","1251514508"
"CNRp7LB43fh1w4Nqd3iLNNyKDuvYSvuvaTDbET85mi4N","358757925"
"Fjp7Pi4Ngags8dQZ7RfrBA2WxXBHiYqH8UtRwTn19XUb","1866247792"
"AxDBErvCHaxFd5PbnCtrAa7uNxtBdKN6zysCTmYkZCBp","476709808"
"DniAbdaDdUX1UYjduuV6dmVDbmtZwiZ1twnmWDM5YUfs","804716836"
"AT3w5cKp7d1nj2jds1Kzch681XyLaqcJBchgcQShR6x3","483442581"
"BKoYqtARjrKBJZPHp7tQ3mKP3cZ976ZATJwpe49Jp5Ww","1520953776"
"9JLFf2SP6dnvVK9hoNHYFPnP5dEJkgLb7YYzgM5aaXa9","510443066"
"8KFkBNYiJUePaKWpEuj7jN3gdt5fRicMuu4QvrG3Jny5","420003771"
"GK8Hqmd8LdAXrtP7VYimx7KF9VHbnfSVYjbzys5KfoUP","13459576171"
"8atgsv9MPXt5ADpowqX5SG1CN4gHQQvKK6hZvoxxbSgv","4197876662"
"6ydPD9LSGs8WFG9eMewvmJ1e5nRFMmYMK4GCk5DqpXKD","509679764"
"4QukDAAhh8Yp3XMZSfzunSpL2CeKLK95UpEY6HPCWuvK","5679564213"
"CNuut6qMuzbsFeAjrsChs6eQwK5QFioWVLD28aQodYDX","527542291"
"3nZz4kWvBqVpJ9XKdZ1i6GHHWRonukBBpP1xEh9FAzza","2324730776"
"R3eKyNymCQHTCmLe3FaFJFiQgHcZai35auZnfWT3t26","5645716"
"3ZvUF1NEJ7yiG41sYu8JsZFwCPqCikzHzABN7wMcGST8","1033786514"
"nkMSQPNAQNDTkAdJSgknbmUmceoC9ztNXVigu7NJrbp","24067076"
"2WexVJosAnHKosJGEAGSJD5zQ5is85NkVv1XDvmrKELe","39480272090"
"iZuvvkrJJWJe3msrG2SEkyPqMc3JJ3bYeQxjR8RBvG8","3967079003"
"EdVmnidYZJ78LgZqVT3i6c8VcGogehBaYu6VrPRyEj8p","38832278"
"VuWDop6xS7ZcJKDh6yngVgKrAL78dGXxWHuVLURZTG9","1034142695"
"BhDFBSEGbLtj2FtJnnaJckLq5AeeATnsn1Ye7gWQV3SX","492413325"
"8VoQbN63notMZgPo4YnUhjsfh3vs9YyuFfeBogwUCf4f","3497683519"
"GYSBBsfVcCC3T8pqnpRZqdCihbueZxQgAgMTabpitL9k","60038102"
"Fhr4JXuYG5gHoxTwcsLGLzFE8eg86MN5JQCNcnZHYL2w","467038836"
"5t58fpe48vyGF9cFsrXZDRtgTiZeDsCNQmq93nCmqs6w","2670"
"7RgguhPyGne9ietnPj6UKgFFnrNgK1zPnuGwyc6t8s4q","27228781"
"74kFJS42m99UN5R9fRmw1nPbyGGWXyxPZ3uNuNJUAbPU","3602439639"
"9XgTfkWneET9JCmcGUJ7e2HFo2HabB7CHf8RTNAStpne","328995856"
"73tVuG8No38ANj7VqdJNKYTh1nqV3GsGvXvFU5rVwXmW","453741744"
"2vgj4W4cMZGfxqVWhyNd32QFPtPsTfTh95phYJLxPpLr","2782229426"
"Dn8CCVYVYV9apv9vVvjuiWmKYgLxWqjX5ofedUhAsU2D","504856378"
"7NNSeogqkGPYAiENMKCLvJDBDxfCyuRefQjqZ8drUoYK","5721405339"
"4bfGdytgrrz9F679s7ir1yraGDAVt1jUmrSv7JxMtzpS","106198944"
"Ex6HiR6KSd9WXjKB7wDrySjGEHqX2DLBMmwxrGSmVhNC","1236223538"
"8Y5W8L9NZzVQmqK6fMckYjSxui3KcSXUzUULuHfHd5kr","357412498"
"AL8JFS4gjaQx89f9j8wtaNJgV76K8bw1ugvNtgvhgAnb","5250425015"
"BMJyc2GqQya7f5vo5aDcv8k83kKgejWEBwbybRibPp5z","2719023710"
"HrzUkTWmHqN947fPSMAAB7bePyZugXU1kgmWaU6nSLbc","212103248"
"F5iRAJeZeUYWpYMC5Rf48RG6896m77Xam6DdrQFAmcop","43587368"
"FSFT48eQCNGL1fPic2PyoRAQE3oN6RoXb8FpmHsT2H1","96719099"
"4gWkTJzspiUaRQvxCSGuUxXVHe3NJ721ut18aQKPS2xk","73716879051"
"GoGJWNCCYhgyu211ATfzg6vZ4a6iq8BszoceALACJJRp","986054325"
"Ct1mmJhatX86NDrDqR1R3m39Lf9iKEr3dpbQ7hUBRnjb","1315538255"
"5sssKTPXDcNEbvi5EPnV2UG7Cao3RaMXh1uz64AinRKW","4804751902"
"F8qf5pGk14vDk4YnLcv8528NA71PoH6pfroxRGX1TCKz","632540"
"26nHtw6vKQ2sWJiZ5noSjyRqZTyk3JRyPpPLVRZHQwCe","19012413"
"22LcncU4kopV8hhSHvuviXSS5mGSvJNHUEGyLjyEyBLu","1786576725"
"JBPM4hPnzNPoF8WxfeXWqM9ugNjoZRBvUYX2qnJyoXdg","473404818"
"FAStYaMFHyqWzZwQJEp43Z8qDW4oBdaHhptskLJBLWgN","304346596"
"DnQ9ZVy1Sam929uxnehVjznBCKkFqjiETkDFfYFJWRfU","1013708337"
"ByedWBJUgMigzQdCC4FFZtq2wsY4Qpc2SRguq5WAt9xp","126011360"
"8jBGXWAQdqToaQobEELMriiXcCRKM9AU3LRh4YdCwxdL","272409771"
"4JSNS7HkTE6KehDhKENt5Q2Z97djubVF5wsPg6JGSRWT","1002372388"
"DNgUoAu4VekGSWqu8duMLjCkawz2cdSLnknsuyM6cxgF","486012938"
"3ngeRDzQZ8HcZ6TDZGvxzvPXBAQfowCEdSF1e7iYTA7i","1003259602"
"5GaSLgokZsQXEh1HQpVzSfnBLCi3sYXDPszCC1EGv4dg","505591025"
"DrHMt1mptCSUM2RRbkPvVUovXtSsfQApZCPYZxfg1ogU","4136839938"
"25Yp8jPc8DHzNBN1tGVEu1JMnu3vMV58zSKA8oYEn292","1153433755"
"CZFK2ztY54eJaVWQyatvPGyBfzAqsYWVmFiviCwn4puo","488991380"
"2DKFNpQmzwUeHU41PDqZYeet1vQkZjgD1zDtRU4vonoJ","176345094"
"6fejvaXQFLx6NgaoyooTgcLDa4pW7REpZMKnpDB9pvhH","476596360"
"9n4ziB6ceFgZrqNZ1pZTEgtBE2gp4sFpB28pCqoHMtWV","479379749"
"4rAPKatuNq5tFmpDjfAzT45JwR2bEJbh7S3c6ptvNkXJ","441484099"
"BPQjq4Ny1pShpVvRGVZkeHpZWbQPAsNphh7wUzG1u9uw","7587443007"
"6mJcrQrGa8vwsaDfPKfHDqtY3YkVTG4tZgDcgDShZGwb","1453968400"
"De1e9rbrXoX5DpJdNkQAuC9K6TtYXJMhUzeXcqpvJznu","875872983"
"GAYdPpXVoCpVEdWfgNK3HbwKVWvTRb7yxiKARvXq24Yv","579222686"
"KBRQSjQT99bL3pipMhx6vpFtKU83VT6kFowEEYNjbxq","2701145081"
"8E1PSkdA2UzgeRe3dWwitVE82WYpHnSwzM57uv9xetoG","473038093"
"6xvYzHWEuTPDGUCCAKQkx1PeHoFUckFXqX7BpLPtnohJ","487141556"
"FZSPd2rCZ54bti3PUeFVMfmpUJayEcDWpWfBkyXQjjSH","24102388"
"D3SoBJ8CQQJPFJ4rCzErsfpkKCcodGyuL1Qf1YS88xZs","66236145"
"3rPTFrGTLHuaZFnzMaqYmMwwF8rfW7r7536kz8ESXJQP","656323656"
"2BdZRKSD2tzmQhNbDon4pu828rt5FN1o5ucW3miRRMWt","2931952909"
"CvaGTkUGfkViVGMZ3EoLNJiVwdBUrrnRct8GGna8Fqnn","12788794"
"5H1tVq4iNHssZvhzALWavfv7fin2C6uWx51FHfMMBL9n","5473633"
"J2dWqzJH6KPhGWy96cP3rDU8RnnnfbqFWdNUxgFzmkPt","977796428"
"Hjr7GUkwmrbrumFnyLapv5iZVvKbdQxSWKS9pRnQykDi","1263619031"
"46xCb1wYotykbNKnwBsw3XnEVTz8N1ZmLi95p822qfiw","9502668"
"2BjzWytbzjMVLRuU4bHJ2QDphu9PFvzqTauH1F1kbzcf","627283684"
"Go4m6FUFAsZXwwp4xki52imso5RaDVEnorwxy1JjhQt6","511815464"
"DWMTtVAWbprnR9pQjz377iUaT29xvY4jEpWnN2CpGKsW","434639827"
"A8qZnUFrxbXqTQkuwGVwyEy2EUsruppy9LbcpzhCKQWR","27946880"
"E6dRMnaQqtUbQKCgdzQtqcFkES84B9LBnHpj1iGQ1z9w","25667576416"
"3rt2CRJySEkyfWUjLsffac5zZreXfQpM5C26YWKn7izi","470398348"
"4jWJfQxRoSfofAZ7iqdRqEZrcZ3WpVx6ct1SZPVEnoMM","6655773938"
"ApFYgUhtF2nE79GhgPT28aBrXWVrpqUc89QviA7tPhxZ","387333397"
"FfSXXhQHekeJTyPJZh1S3Mw6jUwMb7js6eG3p5V2mnSc","1832433952"
"EB7da1FRGu7uJhV2kgJyocmrFp5727HyDpqFuCULqWWn","9266179"
"HjjU8199kKMqzNWk1eBMfRwiDFsfVshFZBLXRHGgkX9S","98695222"
"CscRUyPgFKKPqNsuxaGFFWhw8ui4HZ9Ei8Gidc6tZCCe","508678355"
"8KaEWX8bb49xWQH4xio4BsDysikx9qfagHLfjJngXvG4","2846075564"
"Fc49Xs4kpud5afJf5c69rr22W7VtwVfx9AS4kdynYLsC","504002762"
"J2JZWeKwAbxUEnfTuuYVxGKwioGosZJAtK3KhfWakVHN","3553439922"
"8WFxC2ENUuQCBT3vADCPgDt1fY1QfxRxRBudrFoqDTLe","3099954908"
"u1JRNVnJ6ZqFNVcAqN8abMU1xBN35AeqR5XB8LYoQ7U","3884379288"
"3g9XYP3MFrmYWdwygtqUZRCtBjkWaTWKu4TAWf79Bu5k","6476173465"
"FFbcajWHVYgG1jNUsQz5RvSpg2tC8HEd8pExGBZ67qkF","473635756"
"H3scWYbmSx3g3X6sKo72qc19vrno6t7pbScTKrXPipDL","541534810"
"J9i1UhE93BxppQwkfeSPiFdP2BX6QDVbEjuKQG2v4srt","478631442"
"3cMkogR1DuuXqfn38nEtcgBmqe4KxLXrNbyEaHxzk9GE","7658019419"
"GCSuykAwLJpsyEpPiiXQag5ehBgD8NAG8Xq1GLuz2PxM","4685900222"
"GtegCHJi12MbhbPdT22sdCMaASQvmvfgnbdoY4qLAvqx","378612"
"Co237dpYHrhaGK4Juk27SLjWX2Saaa2az8zXsfeYVVAc","6535297395"
"GqFFnwbbF85KT5LTHa9zChy1MDsGSTTmkfhPcqGrjjvp","582019728"
"FXn2XunADb1RQo77q3de1BedXcHCr84NuMtC6qq26JU","497869622"
"2fBJbgW97HDBi4RHgQobfjvTyNxXA1Jy4PrN74HnuJyK","707466180"
"3aAroiKiNZmDGZy6rPAeYt8n6rihoi1RuQFy7M9Um8qq","456009148"
"75wxthykQVHEMg1APLCFFz2pYpCBbgGWokWr24woykna","1062452768"
"5MJRNXTYdAsvdhfi6j9aEXCqnCAgPxY1UTXr5zPTWr6D","961710694"
"9Qve1dAE1BJeQBBNJ9ZvwHUSBkpQgj4k3r3QGsEF2v6p","103240613"
"DWV3xoA4S5tb81BUkRUrX53wxtibPBG7Fb5aHvm3QV5w","320005569"
"3RvEjtb6v7c2K5P85zbzbn2DpWcbn4bGuvU8uSofYcEA","488989460"
"DL5zAEsJy9bzYGnbxKy1eUowCwcnG3qEDkqzLNp7FmRD","53858890330"
"EkHdLzgCWQ2bcfqYhJTzEmx813ehS9fXYsbeZ8grfiJM","500993676"
"8dYsWaV3eWCsvMKJ1TAX4Skq616shtz1QHPbNnQjXWfy","155629802"
"Fj5MzRRyfW3KMdqFhECDNANFUG8HAqJY4gYKmQdYofUp","502756233"
"9aofWxkScDQop4gmy9foQsMapcoJrYLgf3JkFgLjtpmv","474602044"
"EXQRUQFhAcMq8j6jJqJag7jSNRvLCkXjgTe8KAX3htCE","5"
"Cf8rEvnGgcxpPAhGUvQjsGUrXgNdoWD9ujnvvfpD6R9S","5485310"
"9sfKuiLNcDAZRjA6aME5SNLR34W3sZ4kRUJn7YVrSezj","890803203"
"9MLGBcY2XFbap47U5UeAGDaYxohkRkDfW7tqzYQsKo5G","185674120"
"9Mw4fJ8enbsh8y3i2SiExHQBT5MxyZsQBDfZCZm6vYDP","4788599953"
"CBMV4ajdT6ze7Ezz7ajT4zqbWto2D1wxDCJzS73Dw9Uy","465916976"
"63wSRsps3Bqhd22wS62eDNCejR5qT5tobE5Qr17Rbr8U","3144637066"
"EjaHMjCvP4WUaRALaNi9izx3FEggDnzY3tEuAv42wRv8","923886769"
"Fxx5mHa7eFiV4PZJf1Aiv2rT8XxRRyFcj59KCef1q51D","919599386"
"Hf3QVR9BpQHfADNQfz8vfbbUCcdaa1qWjvErH9qYzTq5","15244628009"
"dHPAHZF2jtNqdHmyMkfrqEwygeyRpzT9pDhTChZw4wa","39868185792"
"BSrB65vKGA74tYy3ypkymhVAnGFUApQrMxSFXPkxgK7a","6311945"
"9gXUmVJRraJNP3tPsEbMUGCuBRKF3DTH9QirdXbGsz8h","222285248"
"CwF3t2JnfRh1wUZ3c9KUG2oZ4GjJyJf9Pw2AMr5xjfud","966816300"
"ABRNmVtwZmc2FErPc1J55LbVFpc3388bT3DoirCNroRa","716313996"
"38fSXxmZFBWHEQog5GD1YuSGqX5xqFW9JE152bXTnqzJ","12863705807"
"BLJcH2tYn6Q4nt7pxpgLV8xSvUotioGyJFziG8UytL4N","75952296751"
"43M8gdTNHY2wL8Bgr5NJbH9ub3B4aj5MCcMSpiXJaJYy","490401336"
"6u1Ze1eAoKiWq27Bs4x5tsoabMQLahDk4i8JgebtoE4g","506879898"
"DEByvG1Fqhety9tRwmghHSibwxti2mqr8NCuFwiWSThj","2910391771"
"HXik1Vm3j1NgktLb6izzzoAMnQogcr2S2hLbVJqBbTiP","1852742420"
"3vhHJbndBbBAUpVVgvL7yYPtJdTX4WgyE1xbKqUiBApg","451575140"
"FV41YSgA1z7Uf7RomDR7cumqhT3BuAyUeHGofHKYgFhr","1921419272"
"5ddPQNb3UwjT3WxeBKKBvDHwCCEq8iJKT5fzYLyxXCbZ","6611705222"
"DqUsbi1YfdTmEyDYQZ32umXRuRdjfF5ursyYeAiqmZV1","10476064823"
"7Kgz5BEzFiXmu6WB6Qv3c4SgAu1Makh9dCUqiRpamjBH","1284002216"
"7sMN8xJsySrFDNgvKcTYYwsUDuTHVPgqGhqe8XphdSPk","1426192696"
"HiuL6h1fU23ygT5nbLnoSsbfFfVLcuHGa6kGm3LXnoCL","1996044935"
"4HVLgGEPcGnZjBYqv9mzMhT8XCsW9DiMjgLPBkrhaihh","911483022"
"AXDQ6GmaXgyf6gnQZovvhHsr46vWWiaxmhkqDWUDwGQ1","963124805"
"Afipwka3EHd9b9nNtPjyWJMqDz1pCcYNAtjHMiSNeK8U","496500026"
"Dwx5eocmZkkWYjwXbgL5W4Z1JkgGr6ucdaZiwCBaXov8","425552"
"AHKXEPBYwXB7N2Ug4HopNTyYUJNbKdnXTmiyEXUTgxiH","63501002"
"GXcBUEufT3BMLqGYbfmRbN2uPeJ9P7n1Teg842b8FFRj","966135595"
"A5y46PuquHYSok894jXhdoRbbfDrsNpNf2idDJn68u9A","372255374"
"3xriRnK7Ywcd5NbuTDT9VHN1jJdXDBHmAhuVZutjexeC","162953080"
"86jo8MYg9zmq2TzwBaYFC9YiELmbKDwfvtemd6cUyeUg","1769138533"
"9fUTum4FMQzs4dCTqSgatKGhLY7R53PCVGroaZ5EeRKZ","965024174"
"5AMdLmBVNbFwWLCPRFHbG4jf9mq4rAfQ6cWBz4yF6Gtx","1862409628"
"3wkE1HYk5pwjgH4RZuwvV2nFYgvNK4iFu1Ds48iQcea9","48985248"
"3vcmMjt4pLSVQEerUJ4Tnz8hisukCs6oCAMG5SPcReTj","1256122738"
"6FqCpnfGtaywE2s6hp2uZjb3JVhk2ucVzm5Eknwp8fFv","13982691961"
"BFBPgcU4b6xU3h65E4sf6BN9fjjm5QcEK2hhLYBDH3aH","478631389"
"3EwDMhfEeUKRjjUsoeQzvrYpfYBLhTqumb14J8DGyKnN","115197336975"
"DiNA3QPvf1pnJK8DvtBo2AGY9HXA4kA5omz9jNtJjkK3","965055263"
"AhyrGGLD1PRef44234fiD7gvyML9iPRfrNQrjQ2iyVdB","505005450"
"Bhriqd1DKXnKkbohnXbTEWj12qYcvYfkQds9eP2WZuo6","161751856"
"9S7VU6vkdiU4Nk6RH3hycWMHWMyhccXFCGgNrLFesHMF","486764238"
"EWBF1frPXHdS3YQT2rkFsv9Po2wrn5ezVwN14kStikiL","94725113"
"6929PTgwYTV8STRjqNkDCbRZPzYmq6udpjgXkbRcqGh","2621575891"
"B2AeABWsXaEWnWxeaVtijT8ta78Tzf21w5WXJxu7hQQe","6558557446"
"ChJRUyWsCF4R7bskspyUSqzzAmmhDKxKVzbiwZPDiMeV","443491979"
"E7e7SnXmsx9uJG7KauoimFkbgZZjzfZzwfPYwoU6He36","578016032"
"E1GYTXTJyB3u9mP6ZixY8hB4i97o6EtKpF77Zg3SED4j","93665723"
"85adKPRGuHyk4MbS42xNvCBXJrnF84a55nqTNyq19PGp","47923614"
"EKh4cst1eHbKY9rz2hF1yxU6zBahGScdPT2beAdHDhV","1727146086"
"H5GEWuX1dgM8HozL2LX6JQ5B159C9eNP85JHsstw6ChP","511576004"
"Hgei7ju5utFk9LdZvjPm4wAKzrwANU2PiaoCBVBaUfBU","291036801"
"BrykrnPr3znwqpfyU7HBJ6gAy4heUWLfDEXnGDLD7XsA","66722462439"
"8fnSQzh2M8B5fLdYSVWHFwHvUKcGYsxLquV3AHPqHggo","228858961"
"Eskoxn4Mzp7pNJ1yXsKnPm9KLD4zkp8PCYLkBsxRqJZu","194482763"
"2PCESQxEV7eECcZ7AGqkgApUZ8NnnMZgtwdtnGzfq1bc","4619516"
"6J7yXV2t5NGxn2bfPauV6mCPYd4QNCoFqE6k2QyW9fNL","1769997705"
"7aePDwEtpbxuz9iYGL6ctGuCn5HEJL2i2a4LbQgu125Q","990608770"
"HEQ6HX2qBFrHdxvak78BMGh5TS7NtmtYK7B25AvkGLtg","38754896454"
"7MmVoFAxJqzgCqtRFhV7MfH18E1rDSCxFaVPHwqzXJLk","498142005"
"A5QUPQ5tfq9hbiBwnkiHLUjRqkQTN8Py2kuzTB3qCSss","1324162223"
"EVfUfs9XNwJmfNvoazDbZVb6ecnGCxgQrJzsCQHoQ4q7","669296"
"7o6F6d11gkDCZwffuKJ9EQiU5pCwfmhJ55ufrsMGMfgE","1218785726"
"GZgApX9BCMRuAo6g4hwxAXvf1ozsnceyzpS9sLnReoQj","7596124846"
"GKF5Hos1qnFgTE1pnwdvbBatiprofz6DGiUiRVKpgJP6","366036947"
"5EWdvfM9oEU3PdmRRwVtezKZvmDbVivzmRD8tAP9FDLt","2093833011"
"ESqAEUDXqZaBbsa7963k3BKeGwSq8DZtxf614ub9QtQW","1211405575"
"4fENRafCoyw42dXn6ujZ72FRHXtZZkxxPCgvZJwY4Ytr","66379929"
"8B2vrQmbGz2kryosTAt7CStrdgL7U5dgTCSr7J4UptqL","16358577120"
"2GaDoPERF5NkkVNLH2V1hCXXopRFJWxkgEY7JQEi3ime","451683591"
"AsU6KvSBR3fDEZE2nYrb1PQy2BeSJ6bhQCG79xDPbnVh","443793774"
"G6jM9vbWveLTB9y9xaJM4dR1uF8XYWPF9c5c7JGRT3ec","835649475"
"7XEPcvgTwivN6jPGxSqJjyqF4TmPcJQH5KmHnhWxo1ub","906778490"
"59U5P2VpTYmMLzCqa6TQaF76gkyW3tx2SfoeiUezUZ7e","11732111365"
"6aVWgXgjS9WWh2iBC27uL93fuA58zaW49jc7RafRoWME","8940019021"
"7J4QsDy9Ve3YV2jdwh7qahJwjJVkUQp2V8UB2CViQMUp","6366815185"
"4ShnSrFxoZ8vttLz3jC7JnPK5MaQATXPpZYGjHQju1rx","110242321"
"DgFCFJDEx4x8NC21Yxfu1Avxq9zcgAt3LYXGfnd2jPt3","192047117"
"Acw3yJjJYQVsscY9RfEXFANxTL8cGiquJmzjay4ZCVWh","2048924032"
"AqwRfctVc94mZYrPRuwFqzzYHvzZ8gTCM1Bv69nspCse","15783886024"
"7arsHRhsoUKRwKxPxCuTmLyACVLEhfxmtEDNcG3iiECC","9360824904"
"JDXgFkLc3xgRMKnubeXfr4PLXwGT4DYKAGVWte33Es4t","1689834938"
"FhF8o3WHk3eDrMRf5jH7vjQgLyYYayg8vDZbDRebyWej","493650576"
"HB7YUHfxU7c1pFs52TEdjWj9CvRP23TnQFKCYkXXYMjh","288944654"
"yPYz2dXw3vmqZeaGSt43Hdx1kUjU1cuAHsXeoUDriMG","463833398"
"8LtajsGR75ree8ugw1GeCPsAcdRU1LiyXWqSh9cLLf8z","8492496759"
"BqcQhF7yAm6HqJxbMBSoRtC97J77uiohqCueKw2BMJUi","4274752"
"Gt6eNxyR4pgkhCNShtgfTGW48dityDxCfCu2ckQBrkqj","5669710290"
"4RHpGVME2ZPv1Mn9mVS3WcyJsLehakmf3mu25ySgRSdc","189233507"
"GsDryhgj7ChhcPE8BCwsLC7jb2sfScygPe3o8BiRLr2N","484041662"
"2PgCsRhJS2b3miYtDNQ5XRpELNx72kLsxGHKH7c77JxM","542579223"
"EqKKdFxwpyjRVpk37buhgMWvum25xKYom2GYeKVLSZfE","509601121"
"65YrA54WboN9StM6E8S6BezybkNngMYBUzi44t4Ea7EL","51725046"
"G1uhXiw5XmcJXYMg2cn2G9fhgjSMoRgaKcFYm6bVSLAX","502233777"
"B6GeUapw1dC9ReRDzdb8DcTZxNsABCaPZ9FXrBXqmMvM","1154468843"
"4oaaorQVdYU9wneCHr58BNd38dndBBzGf6ePU29mjPY4","4313957017"
"By1yYKHpfmR3s3kGcCYWSNnQE5vSHxbuj9xZe4d2cYCK","14068693"
"FKYVDZzhtCgpQw4nrDspfHE8KBSoCuBSwcWRPdSG8Kd1","430071249"
"86eHs1NynwtY7vL9Dn519jKvGy6oN15B3nVzKzh8Rf1j","12662481"
"EPuwYUwGdTmSyYXvVrhx5nLoARgaA3U9FNiLqoiMX8Yo","658040837"
"GdZyYnJ4ubrZNMDSEu8iZHnQRrdyKoELa19AnnZ5mHVV","4896225382"
"6szwPbVGhYS16fQSbL5yYu7APSemQtc8AggJXVKwSagL","395113561"
"Ap1PS4pPjbbSc1bKG6Ujv5AJsq5vEHJPuok4w7kPuc9g","2802404050"
"J9m2bijKqXbvqX5jPu6Xx5m5mUKqeChzUVBHMXrQ3V3t","989758573"
"98MXhtn6MktqKK2J1bvPCRDJUr2LfATm4eLGwxs2Qu7W","501085577"
"Aq3XAiQM28Hi94z8pPk3Ucg32L5mrzDTfVR9CoLfG6KR","46760252"
"WXSEaM1VmCs68SCurttdSfuBAJQTTpE4FX72UBHccRu","4611715841"
"8wGPKyTmVnuJeVtJFk7QceDoS2LaMii3QiZTQyZDvVQL","352581907"
"3ZUG7daPhUGueczJfWyTxpXPyvZp7TU6UKkbdYTXRBJU","124621293"
"G3fuYDT3qrg9VFGUU6d2nRiBTry3s8MVsdHuWYt7FTDj","2807131064"
"E5AJQYWQAhbvQyHQWQSwkqVkSxUt5bKtEHSNX5z8vgqL","288534143"
"3pzsD6GEyVxoNxoc37JexWQCrcKbxocSF3aaS7UDZY5x","587051629"
"3MFxDHLMkv863rxcupKQ4srPZnT5yDwFAaTENhJBxaKM","886146639"
"1aqc2kmfRkDAN1iaXk8L3iBHj8YbtDn7nZoSPKW9dXG","65818287"
"2aDDqza9amcbLAzGUWRnLCk62xn68RRCyuwoySVmbKN8","3289958564"
"9AfyHBx6n7LP5zobw9urrB3atG4owcpW88th5Zffo7LV","4312880099"
"HRr4gvCMGb2geGcAh3tkgAh6qKkkYgAt4hPBtbph83MD","2231799498"
"3yLCW3PamHtEPv9gfNaBF4J4yvqb6ZqiWJDCVfys63RB","1103757455"
"83F8a4YZd3Ec6iNhjnYzkAAo7DXEDrEhePhgsJXLa995","500114422"
"HKt15ppjESovrM2qdEzVktD6kBBkYscGqX5fbPu4XGp9","256618966"
"9Yy9uPhRCcw3ehzFQKusikc6r7PANMAPSJ8C3e7CHEvm","31649688"
"DAaSZuqMgkbSFTxcNmBemAwqtT5kEHD4BvNSw2q6bfKc","499914423"
"74WKxZ33eurYjd3iK5sW3HVTJJummprZhpLJ7ZRXoas1","9379449"
"7i1JgUqWqCTp6QpmW2f7YA9A7Wij6ueZna8ts3JnYp9Y","98056776"
"jcHNRSm2aBvA5KNWNXK6xrzUgaZatEqxvsHcTkBCghH","443492274"
"91CTHcmQ9JZg92faKxg81JYWL56RfVNELRmcfkVLYxwh","766804443"
"2yccFXdu7enLgUxMhbe6zqEUVfY4R66bPGeaeJk4Kso7","4791054072"
"5t714a1hneDbUMorneoY1ubNam44hogVzUKCL6Cr1fpU","27616305829"
"6bzWA9PhVwcz3q8sHbZsxsimyuYoEVrT9TVvoitUJcPA","491190434"
"GueSMdiDHi7W9Se8ZqXvwvZYSdsoQr2SwgsBD584mUh3","4768935271"
"FCamvqxjZJ2L5akX3pkRyLbKUw1qmfqkGGjGB75Zndou","950095248"
"3MZnnyGG2UfvtrRsBR4saVDmepDQyeXeDWJ18ub4oXhD","499493708"
"419Sya5Nf5J137jem2RA8dNKg2VmyrzHecoEgnxkak69","8801423923"
"AuzCUZwYFXUku3tKFpKe2hEapmhywVW3232tqMhRTV5g","3396065720"
"9EXL99ktPeNvtmkF8htfd6addJzwjJcpRKFAzpDnQaGW","443492175"
"6zjBjqzTADiy37Puvk7yXAa1Nepknij9VjpV4cUfSVYd","637099931"
"Dv6S77AnMPqr442cKXkMk1mHf2EneJSAzr2SCYdnesSn","664335215"
"75RQUfCm6LGwHGeDLCrKhoGm8SGq2dCMLvwjKYK8t9c6","2373854127"
"Ff91LdzuusCGELVHqxMHE97cvtMVUURpBH1nPJsYxZyT","4527184"
"9PmPXQBAwUg3RmWPxYTmfCotuwFuLJCkFAjapopFzutt","46375"
"HbQSzoQweZTkkM8DG5E6A9ZPbph4oeNhtxarRrKxXupQ","1174730076"
"7vJ5iFgTJctASrA7uZkUvx23d9MHGR7tSxnHLL1WJtPU","508662187"
"2hTAW6XA7vjXPbHpsUeNGa8smVJPMj5JTc5wRHHZ4SQU","3184996409"
"53cuGS6iddKvGMuJYZPG9M9HYT5ShCkn1LU2gemrn87N","492972118"
"AmdJkqgeUExb9Q9EUdv14GeQ9Xo3eUE9qvWrT4M9Sdbx","4189766703"
"F5TShTXS6w5jBLC9KRpPxPfhdoiMKmP86WoeaM6AjK1h","270482065"
"CwZbGZjrzLntXNVVbC3V4eaTjUZDjPeyumzZYnVGJ3Dh","470049816"
"AXi1iz5EKkVYwpMinR2ZLeqhZSMaTb653G5Bndxxcm3i","98935841"
"64dVshyAjwA4dx1hyDEojWNyQRSkJkbYsBY5Bz7jQvGD","936943787"
"F1i2Z8xtbFLjC8KayZTV14XDmQdhKjKPXbHHF1Zfn2hZ","3862632615"
"7Z6rTkebvjoXrwS3eCkjvwgE2iSz9JDGkSgeAvkzEGds","660199229"
"6woXiCsDVCxG6DhHG22ahjHu6teN4NEzjhYmvNazA8AH","1336954797"
"7VYaGQN73YftBrjDeeLa3k4nnpMxHaq9qxRGXHpwp1b4","6710042520"
"Ea8D8PaMhTnHPHSC6ovVW2UDs5pSiURXxoPfYr2AWMQs","466192779"
"FzQBPPqVDHZHEuar1dSERUYZjHJSwJeojkEoH8HsLiFh","820580377"
"45WQUHR5BGrwSweckEqJv7RfcS5kXcKkS28jJPUAYmma","502757449"
"6W2uNJ9MZ1jDtJyp2ZTQqARN3xq9dnwNCSs5cYQpCgdQ","1723387214"
"BSHP1DzEbY9LokgcCD8BsQCdqmTzWo3s2MLB3kP8Ehh","1146549439"
"Cu9jkHB1g4eKWLACjwmrtpkVjR3amBHsMFe8sJjRxpPx","704596306"
"GzERbYRGggFqnrkWhsoXuambWxuXt5sMGopT6ckXHnwL","92118840"
"ASRKNwhFvXUUxWVfsi8UFt5uM1Q2nFhhP5QMsibDD88f","537267664"
"2WM8E9zVxY1ddY7rSjhdmw2fkXsLWLbnJQJKMq1D6zd3","2304810987"
"2YPm8S3Yq6kCV72kKWx93yM6uCvi9422ScSD8D2H6zcw","628591635"
"2ay6BPXUFSVUgzT3YCysvUiKA6tK9StBr2o7PcuBFD1A","502586090"
"B7Fy9qmQTFtyhVAePx4JcU26Aos1XSuvKnGsX7TEaJoH","199620185"
"7iEPnutcBTVbdWkGdyHCQYCpmFtDbUagge32nFXSYYa3","145617016"
"4gAcUCyxE8HtDzh2VTN829EKEdeHeDc3K5hbHfCEVqFb","205952530"
"GzgdDj5hzs1uyJ52qZ5Zf25SEGPvmon7YkBgHSmbZ6ST","508321596"
"48NZ8M8X7LzgrHVCnGnDpBETjEFS9v4R8nkg6AFqVjYL","7164891524"
"AeNdp4L6RXgeFHvTu8eSTgvv317JS1MqRmyoxFFctvws","2526881940"
"HtSfkkenJVrPMR6MposK9Fh6Ui8hAXRYH9r1pFBmEsfk","108521805"
"4JBj8aPksd77DAb8nWzeXTJQM8AGTb1RUTLQU9TvtnW6","1696506947"
"BRmqW6T5ekkmW7tESgfZj3dJrkrBid5CXccBjBijcaKg","185574375"
"6rK49AE1GG7vJ5cX8Q7EzQ3Ptxrt9C3BQLatuCNuYsQN","5575480"
"4WbRcTjJPJnvAaSMMdgPdEf4iLyxLKfyFjkhfeh3QPco","425135959"
"Eq6xYkQW65WdeQkr287F3HPQQ7wPE71PmGRLM8QAanBX","461067937"
"87JMXitcwXazikQ4LTBBLiQ9LL27FgpyEET5bwFVPqi2","9060765"
"CcxDYefSHEqYHJyFjsYD3ug3GbQQRRv1xfdZ4MxVxdZt","1794783016"
"74vR6yR2d2MuUTeaydN6WyQiqGfrNFvuQLtZo9fiebPz","5246741864"
"73AgJ1tztgvK1WMib17M9h9GhmhqNF9QauL7uJrowT9r","1205704978"
"DGvTz4vdZj6jerCHxzptj5x7862qTXZDrEWHftftNc9n","1918238705"
"H4PF7CVMHiv3fSTGqLrLQ2NqZUQNtfXpYrzk3a5XuTNx","20817062232"
"8WVaaPutn7niKd2PhQjUH7LFFwDmygFmvrxKfFECn9wD","443491661"
"FUrbwWnePXkYLzSQpAv8T1NboDUU1ou7bBNjbLgApnR5","477877999"
"F57am8kDUx9zPaMB5iCG1JZ8xXJMvysWuEBqGxNcJX2h","2587988440"
"FDZbYdyaHRJLgohEfReNV1bKNXGPWZ7QzRbFy42tvNfS","1080025493"
"GTHz7HfLk9YMx4TbJs3dK77NKGGdqJGbatuWV5ARV9a5","3797478"
"4c1YfBJ5eJ7EKBRdR6pLL447pGc2T8oXxVGh1FB7cw3N","5784553"
"EttCjGADEDxtoBToiaMz8WSWza83f196CK1VzrCAt9ou","414930943"
"E27ywXxBKDj2mpyQ9NdyRDghRP68WZTY4G5wyL3XqaEN","1004278907"
"DvNnxrortwCtuwbqcGbQQGFrvVWxVkwjvVVN7QVxhhPY","182088264"
"GFFrfktuzcvLKLSVDGd8diCVnTrdhbBnsmN2P2snbaTj","78416883"
"KzLqnWpmPyKN5goJ7RxA4Nx4epB96Mg1HV7Fyq7DvJf","6477934"
"EeXnzynmMPgbbWSXjg3VnTBbx61CzPV14URZVtGiWPE9","109474405"
"Bfhosogfd71EGhdBFoLkeFXySb5Va9k6j55sKKJVZZby","1876191382"
"EDDrLhzzK3JyfdBFkgyoqJ7XKdimRa2WHZjMGaYGNpv3","96309490"
"JXSNfzdreoiv2Bxarc5P77pvFyuBdrNRbGZgKZZBV2i","10882292767"
"9kJNnZSD41tRVKy7pVce8m1YTzBjPWnVdCCxxZtydo27","1375590899"
"3THkFN9tz3AhQ3MM8aKo7ezYkmLq749CfKFGSSZGRBhE","277353518"
"3kyUx3gc9ipJ18kZZaJMEaNY11Qn6SG7XR95ZvyXVvKE","2943432652"
"2ionuQZs9MbY2cKd9Y5Ss7PpcccgvgXRHDXs1PcP3rYw","97772806"
"FrnjYTKeXFmEn5oVH7SMYWyZvuBazGudbNzNUcfwZk7q","9365334"
"A3qEW9YF2Rfm8hy51DHGgZpAWmvJLhPrtpcfT9iEQ47S","3058602045"
"AwRocehpQTXhq6kR8oXFDsgp1dHNhSLJYiuRp2Ngcp4G","606570801"
"3hyoaWgMaaSgSytqVxrfnNerpTLxa26pPsLqV5f9epW2","500685247"
"95rEJcYce9Dhsy6jtE838NenmD5SkzpEuaSjGT6Y9Uru","4183285747"
"HJ7B6MrH15RHwTqHkDxwqFcNmbruYuLpWqh9v9jyzHxG","2442039336"
"9W9Cwrzc8RLRo6a1ZTnip8fjgRjD1zJEPjWTCoEY8Nrq","6712689766"
"4fguQqSwMkie3ub6trtMFbCE4AgTLoFEwGNQmihNAmR4","8978655501"
"ZyqH2d7Hb4pv4CQiumX4JW6RL6TaeUcyVsMxM4mu1re","506382741"
"Dnrk5UayzcxKR16VKuvDrv3siyJPejz4QYiv9r7fXsKs","950317540"
"82KyyCNezLV2ihFpE4mcBwfCbTKz4WwknaSwT83Pfr5T","486900142"
"EhwjcvXsY2G1YaN1AwApzizUTqZRW3FNLkiPC3o8ZZ5M","268038831"
"J9SFqFM1pTZaygK3LQeh3ff3REgaibPLYT5DsUeZYynK","8224672544"
"Eu1LtD1mH7y66L5nAPmfbUfehNkL4uTgWpU1NqNFoipV","14021930929"
"8Vv2qW2K7DeqH3nAoJWMJ7wDCu7MJe8VmT3jEcha1VnM","331078353"
"46Eatxgjy3xK8osMjVWmeWerNWVoeN4hoCB273oS4Ubt","12491063259"
"4mHwb57UWwtmtg3STr8dvnmGeKdW8DCenB8rDX28kZrt","96197203"
"GGmjYHRPzoGwpA9mj3YYHarTFVHedKiJFuVjdYUmtmvF","5649292"
"3fQip1GRY2DdfZny336beNpX5RRSKcMsVFw9etsZMmEj","962027"
"CkLjiyjQgtYqfTtnoSY7iYg5sBdqBYMGFz8wY2o1rJaX","506946979"
"F3eBqJvQG8pKBRnbKwL9CMJ8BqX2ecJfNh7bZLkyGJST","948264517"
"5fYavm77SzHALCKK3aS3G5E78upPPXEFvGg444hbbV2n","3109901971"
"3Zr3Hn4uRei8Z6pNdakCx8hCJYQ16JgZ4xRooNkvgA76","5841001393"
"FR1WyrUGtkQ8Tsnrhyy619MuZ6RAUpsxAicnPF2cTiFH","475734109"
"AjYX22u5KBPGRCGB1kwq78nPYVjpBC8vL9H6sGdNiPXe","534861815"
"Gth2snjZqvA1Z3CeqMjQVH9ahAujBXXo9pQhoDcMNmcs","443491857"
"2rmxzG5TUCzqCWBRnMDhTMv97zkdq7t1f4x1oA6G7kv2","4559102"
"7JgMwodng9J8VvWJWdqmmpiYDbgcxD5n27n2k6ZWZFbT","4505649"
"6Xh37p1ZiMkSQsNsXg6gpxZZ5TpnQUexyyczBgYhBuxg","4934937846"
"Bb7HbXCSSnnuxiZa5SVbGNE8iiyRF3yK8DzXCWU4MXbw","32256825"
"6k1Gf3j1BrwiGmNpZMECS2V7Cx1Frhwkp4c7usFvrRvy","18101552868"
"7mzuasksVzL7zWsU58kTo4UAiDWPAoHTw1QK9mQt13ym","47695574"
"4dpeDL3LFeJ2VF2BRdvLE1JRiTyqNr5XTwEuXEyV2kN5","4678209"
"6ey714DWxSJ4tqSwcu6jnu2Bw7HVyegyGa1dFu8pnkaK","402328934"
"5u7UcERJDtv95qvPg2X3ixAbh1Aet1WBP8wehYxMZcBr","48151676"
"8wq5LbnDZr1sz3L7nYUdKCcbbST8tXktBaNyBKm1QTJe","4603210"
"A7VAUDNm3jDgGBUgheXEEPr22LCxfAzFxQEix4mAihNu","340941932"
"FofhHwBKRz2t4BSiXBa7egotaoyJRRT8DTbP4kdFdGz8","29088"
"GHyNGrK4rGyNmPi4VrwsLHUyUEe9TfeCmuZF179Kw9Lg","34910565"
"31CyKFYZCB5QCVLCKbAbpRWtKmwkVGHQprE67S9Y8smD","14123"
"4ZZs8KYPMPuojabug1CFbnYseYwE5MNDPiFdEbyq1rAu","4609629"
"Gx2xsSQbw4vSK5YfJkgxEAhEv6jsY1D4zi7MjbhcstGX","4669860"
"G64N1cYpvezcrnmT3fZPNH1UFqJ7PYL7zxDV4oF1kAjR","183079737"
"DJ3JsZ3byEEofTQBmyLw5S7MAPxha78fjGfzPpAwhPiD","337953176"
"FqsDpbU8unRsdSnTurQdMqSR7G35KNYT8dVto5dpSQnZ","4621869"
"AtiMwpJfWAyiBDS1MQCS7BLL4LeB9arKFw8Nzjqjpbme","6580"
"GhJHEiechTgPxjmq8hkyWqSyvkxjJBZmVNBotecBnhBG","198124391"
"EFxTDXFiax9bp9a9uab5dGY6ai5vSkoV2xJ8E4HGNxdG","4628462"
"3L4yzoehLhkduUXpzdLRcEtKACdRHD7mUaugFnuRwqye","4695076"
"5tms2kp6RsR67uoj5UHrRgpnpd2Sre4dWjwT7LGxJMub","498250949"
"ATjDo9CdQL2Qx7PSsFcJGUoXFBGNEEu4i541CYrasuZh","2029414817"
"BLX9HQ38a5We99diugAnY6vZ2Phbk9Qb9hSjh6NmJRvJ","4399904574"
"C2G4SpR9ojpZ7mFi4rqjVmCdvYmhzivF1qYmNKipHMH1","9418020"
"AxMv3w9GuXxvxchfe65Maftx3HcGfHAd1E1CxGhC36Wm","1048651659"
"DhrhnNi78YTF4F3yzy71HZWN8Kaw9qAfZ9PEn6NWbofc","2440586985"
"7V6BUSKAcvkLLMfoFfLsgRCyXVhPYEiiP3d7JGVySnWD","923098028"
"2eow4DRLpNfqGZtZPkip1Me9f1nMy72FYVpDcTdNJems","3349"
"2NM2Gds5YMTFYgjx4DpZWbLutfHUwiMorenvY5P8Avz6","1421127617"
"8D3Kaw6DSWLW7oM7DnoQ6zb6ETGnB7RkaE5Xmojj7nSZ","4590572"
"8cezuXNNnSQUGr9P8LC5saK1W2j9i8mU7MFmq1DVJEK2","576169423"
"4mmJ5HMUMK43DZ8Ha5JbWraJkc9bvhc3Wx6xf6EiAhhm","968489148"
"937jnhFfts8Xr8YpTsEYWas89uY5s6F7UzzSzHjRqSQq","6645720"
"Bq373HejDTQBUe1p7ZtgRKAHZov2cci4DvntEdmzNErB","109716479"
"7qUysN3zuUBRTFCFuhQXXvuVFd9DxTRcyTWYaGv56wZp","4623810"
"CN7g6jhS8jyWfLHqTN2pMqzyoRuhCyWV6akZYyEH2r3P","4535782"
"Hd5UMwrW9pFLvbTt6ZNBWXQUydXntKSqCYCVDtb9Eb9u","4669467"
"GG5FWwCWWxS3HdkJuv57mZLrVMyWPmx5vSteMMDLfnva","13688621"
"5SojCftfkbjweB3Cr5WaKmgwbRDpGEMtmLdZoMi3UoMh","512247058"
"32n3zbMFUcixwdHrCPHxA7fyfKdr1s5AcyDzydCNckEe","687272669"
"HD9iZAQKKD7qfS8xKxt96S1N3zcyRqwjpapo86HZj8ip","9579425"
"4JVkPpbNxATMndDPU8q4LVaG69NoxKFQUoEMuhzfGG9U","4508575"
"H2K319cYVLrmpJpux9zkp5EhSkRu5N1mqjKsHUbDDB7V","76460514"
"12vQqzUd8y2vRydxEn9Ni3ktGXo98HF8ZuyqKBqL4RtB","4687364"
"4JFtGb5XgdATYmuTTipTNa7G8CTtP36b5EmpgnLVkLoN","1568553003"
"7qzfNQC1H6WEgaAVBUGdmeyKgkq8KiEUPyojsCG1CjTa","103258763"
"2f3CvyN37z1GkktUDp6McttJyoUihPyTA11U5RWuYjRW","2182243654"
"TNffYtJxS2yj7nVAqmAC7ZDmQ1w89uiSuEQmsrX3n1V","1516472678"
"FLxgj2K7ZexgthVcgrConV14FYqzS5XkX818HXJ1bxXz","4879061"
"5MYHindsz9DCVpwYWDw4qBHyeGfQkbnT3dZEquzPf3PK","197279462"
"2P7udypXgXhqNZ93p5ho1ohN8hbefZuBhQBmqNZdwXCw","4640721"
"AekSdP5QKed36xSfu3q3RPKEZy24znndzhyF4i6Trk16","632200372"
"4Vpqequzz39xtkcqRGUdHcEoe5YNSqvsPXpiy1knx6PD","8861696"
"9cbj1Vxn1ashCPAXEFpE2nwp5T6wFo95P1tH3ek4REQb","4719740"
"LpNcd3HYFCv2XbUg9mXxLYvAMJketkXDGu4zBvdcy6p","4638777"
"58BNXrLF9uUswPRNfxy5HQ46CNQXLvViDBtcVLeMfMNQ","9744183"
"9dS8334B1BhvYnevf4c4mHy8n48MfyMvnbxT4p6RXMnY","4708741"
"AvywsRqQ4Bk3owF7hd2SNAfPLF21DuDDwkf8RXJAFuht","342511010"
"4762ni1NbL3SjqnHYav141bccT6dnRk6JW7mHFghj8xR","1033064663"
"ESedLMmRdPuR2wyFSHiBvqk6GcPqeJCpEHHNpaJyHzZo","148319706"
"d1bGwQG17n5ie7oSPNDmweq2SSgvNh2ZXruN5SFDrGb","4734579"
"6GLFfubY1A15MorAUokbcQrtw2VtfkrvXw4mKG5qz4zW","9412182"
"GiHhaydmi5fBZg4GSQmTeBGvwUGb2Ve8w2MdVthkESQa","96071440"
"4drEPvb4ysD2aaTPyirZYNnfH34WkKtwWzEvXexA4aBF","4648092"
"5HVAJw4f7HfFiytPGfJvPMQJwPNrrRMrr1sy83TgSErp","4842230"
"AivEGxSCgXVFt9UhUZKhZYQwqnHEzcUm7GK1LY2V4VXi","4798232"
"7UhRsNDWbCsV9TRB4ikZYCBP353CSagnVD96PjNGAUV1","10175479"
"HTAh1RxoFfQGMEPtywm9NXNvktVpV3DYs7iiBxtKiaS2","4685420"
"FTWMhyiCSUCVW9SssUPc74RGwgZxy6aWooNaYPUpdT7f","129163888"
"7pQhA52w8MCR6mCTyqNLPan7PtgWRJ89EDx93eoN6Sm5","4602827"
"ERxi9mUDYS1Jw4dRheLEQ3G7pRUcGXevSx17Wwmk8hhW","10265935"
"GSx3eM7Jr61SzY67hiie9hUenAxcD7DKaXSStovyEqtz","4650423"
"FbTAmS1ddmCraAfpfKBdv3Q93g5rpMrxoV99fS7FsprL","372970877"
"6F2ikr3rC9xzUGpASg2V9PUrC5cG6iQ2Z629jTTW27WS","443003713"
"DfKiiracebBvbK3aDuGVwXqhGY6j9APUVa1oNtgT3of9","4542548"
"7FG4cP4axjb5wEeKnbnyLSLsWaqwV8q1u5FYdpUZiMXD","4665981"
"96mtN4SwcUwuhdCdgUe4P5HHmnwBZ4gXYj2BRU2p9McG","4567842"
"4j29B5CdN6BeNw49frrxAxyadMNPPvpxRfJzscK8LvF6","162244776"
"5dt3Vcb5agGobxHcoxG4fpmXdyFk4izmGC44bV86ZauJ","9249674"
"6UWBQ7WbkFUPX8fqQcNfsHDk4CXTAgVKcynf2mmjyXvd","4676554"
"ArqqNehPPBmN3ewZiQD1agFZ8oBE26zCfjmYWXGCjgHG","564656770"
"GAeKHsLPE8XEwhNBdcL2Erad5xmU46L37D66FZdyNDfo","1853658591"
"BiZ6f5y975sVHXBeVAiBkA8Gm7SmuFzJoid35xLDYfaM","4597584"
"ErUs5me966M5Uawq8SqCaDTUuoBgM3TncbmLGKu9fWaj","612096303"
"9X4xz8D8SHNbFBACds3Hndc22bxXQZSwAcEb37GHfp9g","653211434"
"CjeHehG43qfSqV27Udpmq48rsKtbn6FDXrCxkvXqKNcT","19150360"
"DMA5yqvfQPxCSojQYawxFdBgztdEv5aiRi6cjfDfjzzJ","971919222"
"2ufNoDthtokrDF7woJUyHyVgxKXkW8ttjTry4fUtsD3j","4693182"
"CtmqTFud56qVnPWLvWkpnsoZfLAgj9PGmNi4bcUtFSeQ","4711634"
"9WeY829BCdzrmHAHYyc9RFTetMLgaVYdzeD3BVwi3xQk","2533586205"
"oBDCvZrprDrywYFPYmjBTVNm69R4wqn6kfvaXhChELw","17855256"
"6TWutM8rXQ8YsVbDJZTemLKbbEJLLywqsSTGvfbzULCo","4494456"
"FUGmgUYMcXyGevjwzQ4P9XVdoQMR8VrV4HPFkho3PidY","4690410"
"2USZwQpw56gb9Fhu1xWiShadjv5q7guYJtVGHmGJHVVW","103465390"
"FcDDCRr3G9bmvjwu72z6GiGKKSnPWCMieh5qtH3GRarh","245"
"HWsKGr943mEF7Kz8ZB9DaAtr7nPSycwGKz8Q3kkJsBDH","4635853"
"DFd8E7RRKn1nTtYGeXTbSUMyyu4tBunhUYKVXpLgZhnD","60318177663"
"CUdXCkwhLTRZJVNATFwQrnFF5Ssfhv3N82ZKqhKb62t8","14115675"
"Em6a5aKo3iZTC98cM9Y29AJBc9rtuwV6ZDdRLi34mDZ4","65799171"
"HSRfMK63tf9ZX4yXfG3DTo9KP4FxbiCM2PuFJks7r2pP","4483270"
"5cWLTAmp8bwTtHRf2meJgpPDcrw6DGbSzefYV9Hj3Rh7","9275246"
"63yEXBabKo4YhtZTekCpFp6wAxtuRY9wD6WB7L73tbBe","9340561"
"Ava4TEmfcVdR6GWL8w9sqvzJTFapWGJGCiWXyDakoTP7","4636235"
"BBm4mK9tcH1unH27Y21xcVrTsa91yCugab6APUwgczBg","631583567"
"CURsaAmMkwWMrMNoVsWEfjV3hZT39VeHTnbkb5MMYcci","7305037"
"6uEW7gpJNAc3DRVkb1VspakceM5YjiZbTy42UjVa1R4Q","711955281"
"GZfFTngnsYdnaWYbqdWmFC35DqPw4few6oMLfMM1cyjb","160558040"
"FfGQKhGUfCKiQnGMxu1cru3M4mZ4WN12gh1YH9j4nDVA","28887681"
"88o37mrHcJ24RjPJSHFuGPYZHjv1Jha9PR6k8LZyXxdd","98507161"
"6USaTeFKYQc27QbevfsBd6LDd1KCfY2vptW3iSvRhrGV","900811039"
"HFUex3SnvL8QvXFZq2tkxm529xxofNzgAiPvaXx1zCNS","979500449"
"DEAf6NEi9Xn8KaUKVc8RKnW5KdWEQmapwT16BgdaKVhn","19037226"
"AwQ7YpTtt7USeSCphffAiZrceAdyPG6PMU35cSiQC9xf","56651462"
"799HUbos2fEqTSeARZcZ1wE4nwdc4xyEuEourTDP9TAk","14523088"
"AfEt5anEm7ubx1oLZcjuMLQvwkVW4WoJSJaPK6ASZB8k","1396795719"
"4e1j9Ha6RFXXPcxVSXSphRtG1U49zCLwNe6rZvc7HEJ9","4853927"
"Fyrv72cFubaqaQxsHKiJrkabTL9fAbTuK8rpQ64Aq2yQ","287903209"
"uaZRc3iP1fRcgY1uY5rX2wZScy4v9cwjwPr6967RMEz","4557539"
"7aHmfZBx4Yiq7bfkFdZ346GhrQp6tgTcBttGtyWdxQ8B","4536738"
"6uZzutq8GRcBu48yehUWk5g7aP2HK95k2Yn62nF59mrH","1296934287"
"CMVB1VL1sNeg1dJBcnBFZQnvj2ceWWiFG5uLT3vGzBgu","8994975"
"2uvJZJizLmtmJpwJuLPVQ7xCYuLxbu1kVuM2CZPtShQv","4579507"
"BXSMEzoXHpeeyroyApmwBewPqHUmtWJVFpZTtWxVnoEE","4635654"
"3oh4kxANd9pD2Mcxw32iksEJNChgUaybAf4d78Kd7Gok","95515964"
"85VXg8wd9nGJrEgEir5RLVhJC7tV9G7QUeZrcpM7tf78","17040049"
"ERf8TvqcrXcKcfBnr47uBT3SLYECnUM1yEQ3kunCLCmu","4852792"
"BTuMPz2j3fsR4VoH6VGpvvF2kugLnnL25uqeddwVAt4m","21158854885"
"7x7whd1j19a5W2M7cgaQrCLp4i7oepiDYKSKMBwcXok9","9205526"
"6mV9Y8QrL8kyUo3U6Vt7LbSk54JCeW2sQJKQDEpDyWUH","4566865"
"3kFaR4aJy25L1fw5BMkQqc3Dwj7KSw4chhTbbCpvBmr1","4680552"
"9BMoyDuhMUiK4Qk4pFnSUFWZPjbRQndXmtMdtAtNT6bB","21307923"
"EaxRjDBD5s6VkFoX2pJXNg1vpHwwsjGFzh8JMHqi6X8p","4530336"
"Cgv8Rcv4hKZC9fzBFH8vjvnDkgDf6qww6YsLbydfYfas","3453139055"
"4Lc4ZPDoNs5wAQphy57nnLWQ5CnY7CSXW92h9VhTCTBU","4665224"
"HdCcmHRQHksyADUGFERwaZX1GFwVmNBfDbJpenAWoLM6","2507862136"
"A7DzMRS6xFvh6ojgGbukvn1EyqhhuWuBUtY7eiaAR82z","4896239"
"FTBs7jEamdquJbDcENfiJJSbHbCfT4dZauubbfyWpmKL","18964439"
"C4RXPf6n7fgb4Cki4KFeiYGyb5mStEEamPps3gzxk5cj","1992938835"
"5cXDqzNV2ibwk5fuvztvgGYvyMRa4tgB7x4Cs9voAxjy","4503139"
"Hd2YUp5FVkjaDXmSLRuAie6Bj32LhKg82igNEXPUdu2h","4672789"
"8fSKAXiaPFqu2T68dp1KiuiztkGfBTVD4vo86JqZ9k4i","1944054"
"5RBEJLxpTnaGFvRjFEB7wCEzfdTVDQNzQkMa8xCTq4s4","9647704"
"HtqdykCVvtrq5uPkT5khhD7B6UswQC9D7Ay6cUGLGW5T","4649467"
"FJnSMw9myCMG8KkE1Tnh2nVENELPfBrUv8gFeNW1CNmc","4540058"
"GD98p6tDYFzETZ6weZdRcifwQQaLMmbGArWSyFqaYw6s","9943408"
"CxmJcLQhEfEXTioBNJg3bxN6bUoKyxkJXWpLrvgkrCLV","4516348"
"DKAr9Wx3E3JkpvQMmmS9su9UY36e7hmBWzRbDWfiDwEr","678642191"
"8NaSTSpQiB9FjeqFQJaCd8KkAwWykRD5EJLkF6mb8vBX","755464191"
"3hnqdFXdVLpJausLu7aZKHzS5bWBxhSREoHhoATeTvbu","4516349"
"Aw8XBx3WyBg5PPahJoDbdadjpJyGMgqCf2UNHAxVftLv","14037237"
"2551t9u8pmNsok1eBtq6vpoW7cN57K5Bq14QXpMLveKh","4656270"
"8b9gwTxtbpufqnP7irYsZU1gJGyByk7sDkCreBkgCooY","4884334"
"ANa3jwr6Ux4n1cbJmz4NcZYa6PsnVUy8ZaVBg4SazCrZ","1362501506"
"HNy6UPrULQS7FfULUt8ac3wwCScLv2CWckfcsLD4d5f8","4665015"
"2jX6YfmYF1gEdN7zRW3Gpw4e75BpBexNVVk28eQkKhzU","13147801"
"7hFrszv8PDzmaWw73XhqjQGthy2iMtDNdFmJBYyTsCSa","14211473"
"GSDDgSJEfDL3323kPqFqTNLrcsW5QrGYz7cPgMuAsTeC","4813384"
"BH7VbfuEKyaw92cxTbqBfXdxoGPxc56TzogUJkykRZ4m","31867751"
"HKMVvLQL1vuBedGnT9gnbV68zP4qEUXoeZ2Zxnt76FvG","765907716"
"3NfPPLTDc2PHbqRbDw5N1muduKW7Xx9vXiSm6dKL6NnV","43827625"
"FEzsnLNuU4zK31JcyCN24BEPBYLjJu8AaUgJNjNntMjf","4680785"
"kzSAgJBzCvQNhLj6nuhSXgDHNX9tS8fqvSfWYjK93Y4","502562161"
"HimJ4PTyomeLTtvob9B1B4Jy7UN96MoEJ5RtXvsFMkTe","1788767162"
"6uLgfWLR3FyyYzVL3fDQG6n5nndXZv7DFsZvQEoD6EQK","4541204"
"18ep6o987Q9tUM6MgsvekgGyRcDRcrjZXKEnqUuwDmP","4892771"
"EZaBGBbyitgxnhvncgXKq83WHUQYhXUjBik1hFbiemR6","4693171"
"Az4mF8mHUW3Yz3892iEE34FFjUddbsiyfsazjucFyJtS","4076508387"
"HUAMj5nADa2zDD9fM2FeG4QdePx7QT2HNGFpeuamfoyL","4666522"
"9JjztLPaq6YzemT23Sj959XYWY4StNP5G7ZMx3cKtVPs","49370879546"
"BpEqMamk3116ZoiGZabpoRdNAXZG61PvASVDuF4QHh4M","1498885476"
"3EfPfLg4sAb4rceBqd64YcGkBjEm4H6uDCLer8t2Rj6Q","2771254796"
"FBtd2XJuQwvN6KjWJqKcvmaUCG8UvUCwQ4KXEiXE4PTL","16365475"
"6JaffrgS6SCWpEZow2aDKqXRVWeCY5ycQDfxg2d93ZMk","482234457"
"3bEWsMNjgDLUS8K1fQgeRLprYB4XtGWPLRuMHmR7DfXu","4690762"
"Dzw1XwgfXJqaU1GqtwjBKQ5Nb13zBsM43X6UpCGb91yn","16494877"
"AVBDJYkqboXTcNFJe2cyCMBYdTkBzCN1DWetFZVsZrxt","19820401366"
"5795Xf9avRZNMDV9eMEFJiSqs8DGJMQq1jrCAbq9MLhh","4586294"
"2fs397MfDgxZcZJvrKhvme9pWApqhvTTSgJmGCPoq2bm","929463743"
"4tvN4eQwZtsiKRkTBo6Y8KbnazgxxronrsrNn5StPyMR","6563914"
"HQFMxELYyLCGoYouq3c3BsckrYmhF3rPxStejrC3w36E","4540641"
"CAGtFaUWuj78SFiuidcPnncJjmfShKtQ3jJgtCZugN5j","55816806"
"8LCg139nHqHrNqJtoCWd6WX5B6cheKRXWrCv65jwLHb1","4613496"
"2vYPzqpjn9HqJ8LbkNGwB5Bpnoz6ceFTtw73XeF14gN8","490090217"
"97YdQ2n6HaMsjF6BLUwKFJ3dTd4izkvLALWNcqS3k7Sb","468842205"
"73j3fPtYNReenQQbDq19T5pNYhV5P2f2GqQQ6r8M89yY","4889165"
"F6po8qJwZimHszQZrVzSK9cKjt2p67ikQxLycWSYsTyi","4873822"
"CaEyG4gcGGfbnHW6rBdCYBJMfvdzQtaz2dvaXHi9wAhC","1088753611"
"3ebtNeLtTPtrXwFhbGmVG37JEUZGMEqAhguwDjDka14w","190543667"
"2TEPaFC9eKKuZdTL4mJcgh49vLJmTAgYHiFJHaGP4QP9","93973046"
"6hq3GHeZpG6ARQqREpH8JP4D2PArAnReh4xF8cZcW5aG","473909338"
"59GsmjUtHJYLae8TBp6vcxGcoLQJte7Cw5dcEd5Nj8MK","13946401"
"9dzrEkf6pRtDqD1miXdVyNpi3Z1fP7Ztts9No15QggRc","322978705"
"Cv7PdfmKibmCa8C226AVBWa4p3ToGpc1mePxAhzCPk1p","266030190"
"F7CrGiNGd2mxASGHcy7jKMJTsRWkijLQyeC5ZDXn4Uby","4491701"
"7hLVJNvMFEfuDkqJPcwzzu59x9QSgVSPZE9Kq2f4Uuuc","27901059"
"E8xTePqTBXoq9oPeNuF9Fq4ZvDRVTCzjsjUg5rRs2qRc","4535755"
"JDQrXNWmGcndpsSRQGJKiZy4rWq4BHXDLo6uw3RUMuU5","147452065"
"6oJJ4bTm1ikqCdjrxq1D9hNyXA419kiuUwonoBbanj5D","4503133"
"4X2uVR3C1tPQKJjNZrtBXQF9YiUnaN1iCKr6dGsZmsuH","4676673"
"DVrT8AdKUaP47CFNqd24NyogGBxvKGvexT9sctAJNJP","4723047"
"G3ZTBZdVtTXRhZWVUpKPDMASnWPQGBTWg3bFLZ6K2Nt1","4677040"
"AYCinTYHmNX3pHYv4beXBz8pxYqmeCH8Gx7d3SS9rJYX","4760501"
"Cm1MaiCXKsqxqeBbdkbwkP27bFtJ4k7wA4i9yBWCCevh","17036629"
"6HYWy5nr6HxbSwtCPZacNTUxHCQvBmstq5ximd2kgzHm","9748890"
"2a2jgT25skskUtUB3Mmc5egkboJmAo6JRzdJMWqjnAm6","4862436"
"BN33Ex5JiqEH1GL9Na5YTmWKTYqbz81w9phSr8jX4Rxy","426463134"
"HQqSRTjH6TWQktogE6qXqqFZNe7oXAWA248SZdsoAXWU","4817944"
"E3BhaoSb6fVdk6D4Pt44YZz5aocveXhRNQYTmdLZ2M4r","4531315"
"7pJMX5gA92LWZmTUJ49C2V5SFipJ9Z3cUAhkJdz92z12","2120263226"
"6TGQwSzoop9YgxauC7Sob55oRRXCzggDWEDHmmuh56TP","93380167"
"CcSFXfj3HsLsq9Y9o7xkDvaf8NNKmpnjYR13ScvBXbNv","2900649631"
"228UZ4he8LRRv4YJbHqPvA5chKzuu16Xyagnp4BdwzR4","4664021"
"4NYMvFaXmwsu43TFcm7wFbrMPf3BbnkbxmbmAhwa56aM","283886411"
"HJrH2a8bzgYjPVXpmPYb2Wb4pPAvmk6uxSMqu3XJA5DD","837388350"
"9jHiHniG8sFBiBUGLmj6FA9HtbKsQufRHMjfHkPSJbN8","20248"
"7h1Z5jfJ6SdzpVBfoxHqaus8HZ8DoP8DGuZZfWVeECkN","197417242"
"HX6EwMBZdpZZFc8pgxYFgjYeYNa1RvCer8oeHqbDWuzL","14209744"
"6HaZHmG2hdWyyhHm5ksfaL9uDnB5krrkHBpXF7xYgmJS","4518684"
"9vNyx7GyQhBhDRXw5svJjtesn1FG5F7x5JAeGLmd8eZT","20879098827"
"57uVkFcVTn5TzoEWAKijESEVj1axiXsr7iK5Q3w75myY","33579"
"JAi4YqBsmr3mwfSrBwXjxQMYVqaBm9YadbQwCtfmvRqd","4691484"
"Cny1meaXHyaSDPmWxuTejUQBKNQHEd2worW4tHJgi8ga","73209913"
"GNn57uRPyJEaz5KBNYP7NFWqotGdtgdJbbS8B9AXPako","4524121"
"ErP5oKim8XKS2q2tMHH1MUJTK8s2TUoGth2LtQu2DhRJ","4700574"
"7qJWJDcUVPiQnGyM8yKEvArhqM9KaoEd5MjMUJTSxG4A","4609613"
"AhDJhD8xg4Qpt3LUN43Jc4YB5sxMPjNrz4MoQedBBs5g","1063662597"
"5tbCRS3BNq2shs2tDFAonX3YJFqEGvz1E1BUtNzZW89q","4699995"
"WuknnM6AD1Hpxi2ERFhBGD3VwV69V9YfqUqoK5VNnAx","56323145"
"6u2QVkSKBFu3dr4ZqAm637uS6s4CeHcAspSyUnQiX6Xw","4665926"
"3QDU8UicucTrCGm9ZbsHuhMQMTezcA8psjfhsMVezU9v","4675328"
"BfWsuKuLrv2DinmyaYf3f6f11qrvjzTErReBtyc5FNsp","7327310533"
"BfLW1dQiYzQPhAcJiSQFiY6C6RYttKMV9ppegg2YDMEP","4366900227"
"EijiSSeEdQYbmJoTiVwrcXtLY6jVhnYAcUYG7CtWd7Mi","20706997"
"9zpyWyTo7Yn4GsV6zu1Ak1m835pcxxuHG4sd2MxFFfPx","12875952099"
"BfqKEBDGmqwuVyF8DLZ6pPLUpNQ8FXixaQY6QqxScyHF","9448560"
"53VCGT2oDAu7q1NUvpnk9SJUp7DfBzzs85Ea7HHrVkSC","2025083089"
"Gm8nM12iBiZaEysjPyDhgMf1QMnR5L5FF5ChGDBj1xBb","195859744"
"6S96Gs2XH2kV469vAe8qvJY5VWxVnz2SA1zcVZQsNhgc","93627864"
"D6B1n1heKErG22e3XX8M8DbuoMG3c7qmvQJ3NZaDmnen","9844606"
"BBzwtu47gPEjpCyLpcWCRkFPi3PqqQ9nG3Dhhopvfq7x","16193900"
"FxAXgTMprmeCZMjcJuajixzUfDS3fNCjJGsPK59YX2wB","9867338"
"5RAh1ipvAw1AkbVhohUmKta3fza7V8vVWXnuxLyoPCM4","14014502"
"GaLE8Yoft1VFto8RGwRooiDpBTattdeDns6hpcdzJHxC","15775430"
"5HNJRXLGpCy6hRVvXcmsUmBQK6duQBhnrGSLfFXSLNVd","149689310"
"BFzkdQ5SupsVjS184bc4LX16NihgsuNKcX3bobGRm8mt","4596997"
"EuoJywnPx7Gwz8AJRMGRq3VToWTwUHKTfk2mLEzsmzHa","4687363"
"6Bx5C9AbFjdjY3UA5BjZe98BqAQUezzoNwrZChdcyqeS","4589764"
"EH7skBruvHcPyT6kZkJTjb2CYCLmc7tyHnFWAD4qP27k","9763865"
"HocC88v399hAbNNvyfWKVBoYUXbRhWaucjpb6Pw6UtSC","2328810870"
"GjqnBfsj3o3sHbkh6BhzdvC9i2MmvJes4QGfijbSgjwc","64735930"
"GYBCtCB1okicVx1mfKeH8mg9qnQancDi2ZG5FtE1NBW9","4694529"
"GtrtQJasiTkHAmgDeqxqDg5pnT24trH24UNrfP26xUWY","696461953"
"ghW9gCPje2ADFLf21hzx6nk4idkRSFw7QgdXfAtbfLK","4752418"
"8Y7UWitnFvWRq1kVbUgT3gJhQRu5Dyj2mKghWAFXaEqR","4674306"
"ANwfiUWU8wU7UEQy926pq8kxS2upWSkDPqiU3r84byUb","168894202"
"7DLrnZbcpczRc7dsUBMJCLjDEKnpFSBciwyqX9hanGs3","139630979"
"BkUTfuUhMm6UnjKjKSiWLuoUzPShAj962ek7sWm8eryk","268174436"
"HTAezLyWtKuwCnavV4Wu8JAPK84RgozbyeZXrTTcApUn","16428357"
"64C7SXw893T2nveeZLwUMiCjruHJAPdSDprRGJV4BMMV","479047652"
"FKXfAxK2ErYY45uNibJy4bcmscKMrxgqHRiFyD9YV6H6","4544537"
"DP4JwaWSDUcoGtgTT8JvGYzeFiXSTSR11kZ9ejjVzeiN","4613511"
"8xhLBaqwnuNJ6gQUDrStyoKc14yGSoDrmVYqbDFVjNSF","2885"
"CbnabYkAj6tMBhZnvyDP319kWxSQKynu9YwrfUW1TjxL","4523155"
"AUzqZwsLHAcbs6hgQKxwfe29qfPkv172tKXcqjVXZE4y","4698052"
"53B3TPnogXjc74GmVNQ7WshLo4C9HJNHxjpbLar2Ukww","655582651"
"3nkFEbrj4dqbnbLaNrUUjTTqW4aXuCiWYEKHKfN6PoHj","4544526"
"9EprPVneBQdKM2owcwWwy3f2SNt8GFgN9BkTs1B2EY1A","4634894"
"3a9zTiVrS4yMcCUao1kwbAWpd4UXvrDY7vj8drAyceTF","516958639"
"Evx3SxqkmSiqzBpB4SmKGvYhcQffABvkaRRRDG8YUvWm","4672787"
"2M23r2qAQNYAD2mBJptxKhu4dUVPUBWBZvpHyCsQ1axQ","4603800"
"4pPA5gEEpTX6zYNfXMxDWV5fDwpPoLXCsi9eeMo1odfB","4694803"
"whrkAB9YJWWY6AuuZy3UCudAuTY2f7uwCYhMZDSDc2J","4530342"
"dnqHeyYi8F7QeksSyvs6C9VCCDxx58Z3fFXy6SDiLtx","96967891"
"5unTfT2kssBuNvHPY6LbJfJpLqEcdMxGYLWHwShaeTLi","13170900"
"47Wx6mnnuEGAVqEpz3Sxp1mRsQc72faBg2BxTH8fKoAS","9535286"
"FXK6bytADEbQjE7XYRxJHyf8vtBpSEmjaTctP3yfTvVt","8494029"
"HftfoQpTC1ZxKPDBcPrDKp9mXP5DuHj8jSTw1BE81vQp","7416115"
"37RHPKwJESW1ULSduv7RBzbGSkrJRsgsbUwREtJ6ZWmU","4513434"
"ES5iMDNC4RuPH1V1mqDs7sBTp8x8hJsjyBVS2vkDsfyv","14435878"
"8RfV1FuDcJkcso8LFFWooinskDDQjstFrWngSPaGARo3","9670624"
"F5FivqLQkRzDkQCxXmMbAzoTy8eHwsVa1NWsf7G5ChXq","4620896"
"6u4nCTwarqGEGgQr8s8f6yH8Bvs7Uud8NoptHtVDjZfX","4551328"
"DLKMYHErUaaPyvMuydbWyRx2dRtdujnu543A777pjB1m","1977602062"
"Dsryq6LAyGSvNtTPnaPVFys96jv2JiEzWAFg2iTYCkhc","4798948"
"3sZptkNJawqXBACHxJJ9sgR1332Eqg6MwLSvuR9ZTEA7","9512027"
"9Ed4RGoREUSeLZZMYEBrMNkCM5Wsc76g626f4qUHDeEu","4508575"
"3LTrWSqjMwPMvW9DbriUBsgFbNMwJpMTLn1TVrUUVD1B","4650440"
"C5h8chWL66M4MCt5ZJGc2QaNt7uGVEFneaAUMdijGcxu","9608659"
"EGqd9xryXUJA1a9swJpdS8PtWMzMUA51XwFYSSE57GFS","203132638"
"7kGNfnNz2Wy8Sx8f2LxfgZEKBNgd9gNQQmmLPd6dvsMi","21759786"
"2RuqUnWHNtejKfL7kHq67TMx2MNYHUiFj9kxYWkrcnVF","14418211"
"9EyT64fceX5rVZrYeQEqqJ7RrwGZar1uQSqGhapQpKM3","152468203"
"2ZXQZBaC4Qmi95JzL4mf13sXaWeisBPu3KCKAjPgGXT8","4667491"
"7SQVByjPjFgHtPRQfvpzmb8Du1umdet4oDdLmmVawJhz","931024484"
"AqZ7PcHo24aMw1vBB2Ai5bNDA3ZWrPq9xvyigLQaskTZ","73990746"
"2CCHotJdEfn53Zk8bKhLgJAsF3GQCkdqP3zYZH7N2eMq","2414665392"
"7pfc7YxYA6DU2PwGnzqF1oGd2p1DzMYCKRMRpiNajKjV","501284309"
"HPCQUnUKbncxUF1LVMKRijkDPE7rr295M5oPaPgv5W8Z","463246252757"
"7SaEmo7BGVAYLcWJs5jq7GcvNnnpmR3mTwKxBQRRu4VY","10088312"
"D74PUorLEhRs9AgswbmJJ5rbXQLoLLDuU5oYhf25XWBj","91245104"
"DFiJp8ekmdnURVZh2zKQsVybmMam329E1MZbabZ3zfPW","179797520"
"ADVEhCPxVoRTAdAfWnKWmdVEaw9mJzS22SGLXYiTu3z6","4712242611"
"7KBh2gE5pqFCqjE9MmUQUnKqJHSo84k67ov1RcDkVDJL","289077867"
"3gUWu1veHDur5ifyms5KUR7Y6vWuMxMVxog9xEiuZHaU","4487188"
"7skU4ML33t7Mj1aQB2Ej8KEB1LrxbSMB4sFEViH9Ramb","4673160"
"9kuar8Grs9A55p6Jmmj9gWBWsgh4nLvXbhMEhhNxyBKw","4695693"
"AJDfp9Rc1xLseH8ExTHBgFFUo4HrQNZdJaxE9Co5pVPi","394400318"
"5keWGKrcVsPsyjGAk7hgWED8t142Nnu71KwhUVsDKxSx","4554"
"FmSxjYCyK9FRYskMzmhCj7T1XaNHRSQkKD4hr8o8sit5","14344581"
"9cD8CUWaagtjfwDiVSxeLaNBzPFiVN2WxePVd7DxUwyM","4630206"
"1drULFtm4SKm3tvDvZ1sREEQXjMZy55u7B6SvFQvm7c","102900941"
"3r6WUEaqyTdKCfbKg2ekrqTQJn718wm7AWxBXdmJwdc5","4655287"
"5JmdcqHMm3YqXxVBssf7JuWyDgQ6sthdZkYu5yv8smzD","99464092"
"AgGj1SbMcMbtnqJ7a226hjMp2SpVfA7iqRKXxkcG3akq","4784766"
"9BvGpvoDxkUJhsYHeYYjqwznXayad4tiapzYjQz1fgrG","2605381620"
"6hYvRC7yEDRbKJAvE6NbxY9zoR3CsYCDNpkWj1FyRHEw","4626148"
"DfWPhH3mZTWsaD7UHuwNB9TVrZ21LP2Jsc4oYv1QE5An","8907552"
"27HXbiYhc55Ff11aidGs3ZWh6dEGjqZnpjz9KMW1xm9a","2852795"
"5TGycG4CjUviMSK4amPFJc2coF231r88DUd8QK8wyeGP","4683476"
"4s3hzr2CianLovbFRQVcz318kRrqKfAf1ZTwkCyKinwh","4541029"
"CiuWVjVEyDuscVA3eoDT9LZWFJ9GH6rWPPCpLmCLyqFc","189886425"
"Cm6LcCdceUNeVJxYn8RtD31CjByujPq68endJS7cA5qb","677600340"
"5WpiBwmGJFmV9nJFbhN9tpDqJkfrr553FDrscKtQQNF","4660157"
"CP5FnjLXrcs36jxj1YeySM1MdQXA1SV61NmLnHskToC6","70630485"
"FrAwojuozHjSLN4kJEnmjha968tyBbMPp2nemts1pi5e","10777791"
"7qwidiW6QMtMkXHQ3kifK8LYe72gkxb6xkbBEZRu6DvP","1981294695"
"HunbnHfPS53jeJwaxyyzS75ST3cB1MYdEpCmdVywwdZJ","4795801"
"FBMz83hVp6QMPwk56bZuwC84yYuyMktPxuHbM1Ev8sZG","74519438"
"9kX8TEMqizngjicxEsKSWCpq3bxymYriVGKAu1WUJXvh","4482347"
"BS6Byg2HFpWb2GHJ2ZDuwEnYwBzGVSCw8EmcBortS3pR","4493423"
"DwbSnehTVTpiUTzwFmV7EqFzUCRKfjDWBFSmXcRcHX9o","4585332"
"E6K3EJQgNAtwv7reKFz6Gakrwi6CFv966sQjDb2W1M3L","9533888"
"2DmgoMog7FNxCtuGefzaY7STeJbQ2CQiuTC7CMM9piMB","31337809"
"7zZZ4sg48VYcV17FLL326r13an9Kh18NRtN1xe7Q6BtU","4689287"
"HRWYpD9iX76hqG79oHknvMgVAewJiJgCts57PmocqN5","2350316426"
"ETizSPkiQm4Fe4Ze8i8pUMvT9pFxCYeg1prWp9D7zfYT","30843209"
"3ijQUdgQdUu5wMPJv5GgKz19K6S6ea9y9JJJr6bydV4M","4751523"
"Hm5SpCkAWHk3W5FAMhZ6mJnUMx4U1fLQZsBvEDrhpYvP","1247043634"
"46ucUMr23L6HajJR4BubANd46aDi2C4SqfX3Pd8v6jFx","1941275176"
"4yZnkohAekrb2fgZUkiKZtLcBpRoZjwVrPpqFNTYuJUr","1984754337"
"ESvUnGYqvLMFGrRTZ3ydFMzc7HevqRymLRWxy81Uuib1","4606714"
"5XLiouhXPZaSBtKgqjhsaj4M6MN12VCnFrnd4DDhGiSm","10357599"
"HdpxHdfvrYPivQnfN2iMJf4BcsenFfiJmRKTnVePs2u5","95358192"
"CBnSW5BT7dzaKxMeeU7i64WJVLi6WjBQe4poHtcqWpvq","685629811"
"5CaAYwHaUUA7zuA2Tzmq4pXjrwBNt2rqYuhYfuoh9Bnz","4481988"
"HBGXv2kchfKCTrzcarejJeQnD52QWgvPzPHGQxxC573W","9092289"
"FDFVrVudvYyqu8rZynrLnJb5RC5TifmwePKtKAZKeY7X","9147841"
"9CwAbrKfM5AaStSg98EJoMvSrWmiE34wJHpH1pqVi6TC","95652780"
"3stQC8mgAdvBGCWocNv8hWGsHxsXkri26B645Xein842","1850718867"
"5YfYMnv2R54AWxHEsJ9dvvSCvupJvJr1oMFucf2vBA2r","4672379"
"5yd9hEesccQW8pZjd7goqVaw8145TmDQAoCJuHSpkCWN","14410842"
"HLEwskczrEfMH5vqqsehYCULisN2SYgpV4hKyqTDdgmR","92462801"
"B6JtDWvDSc7WMoKftGs7GK3rpRM9V3LgAcRKHte5EtRG","4511491"
"4GKxjmzcnVnh5gVye1khFpNZeZ3AUyPybBhhKvckQNSy","32070579"
"BT7V5TUuSD3fuisQMfxYSjj3LqVmPGYgGeMcv6CkAfS6","9911154666"
"7c1rXJwstCK499tQJK9VuKbtt2au7cwiCHwGPoarNNb4","657991713"
"FjHdbhaeN5npggeupFBErzHNxMP6Mk3uGH5TL83bjskZ","9744183"
"42RGRU9dhnda5rUPsuXHeAUzZYNAV67abvMKPmwQXPuL","17014282"
"BxxjLJgJt6MMSKWxaAZUeDnuXKTHeLeCrudZJmVmLF9K","4488565"
"4iUcfcx8cMKbNyqyLw9Aszte92ZzqepzW6qUgX1EXYes","9255891"
"FeFZdRj9mdQdropxf7KFcKKMq2JHeZT9ee2vUzQV35mQ","14011102"
"7CsgrgEZ7t9Yyi9UrNVCiB2AB9DosM2qTxCzfXWdJSdU","13974"
"BRvUiFQXkHFxsmMsW7TmYjmeJ7N95vQTtWepeVhHJVDp","4504688"
"9atMzkRyvZ5r2pYc23z9zuHgHRR3YhWWEw97csgDy67a","4548406"
"BRFWPgHLaXJpKe1NHcs8c3DP7SVrgqrxGzpm3vVPT5sN","4884693"
"8ERCoJC9gaAzbh8eMp9fYva31wCPRp9rncaAU7ztp9BK","9521111"
"F8KwjKKerpEPiz4FniA3LDiTcM4KGuFwDCey3awokXk8","630942439"
"2wr4Q1vj1rC63HHi6TGoM9y1LKExhsQbifc2WF1QJmwV","7042506"
"GLpY5n1uiB97YVVvxAYejSZSB8dLBhQeickwF57Po1EK","4650808"
"5ry6bj3kbCHv6uz82aqrhyKocpusoUNCWnS3J6m3Azyf","765743778"
"BY6mZGX7MtEAuDePKRkZEgbtenjPp7XfnBWyMu4gv9we","184534171"
"5MZvHD6hq8Acbvnrbq932uEaWbbjdhLZWtJQGQw8pHbc","71467866"
"BobWGweEif3DVq3z7gbNvbhhrCfVcLab1Xqn6vMgtSLG","4814279"
"GiPZTGqaVFUBFBUiyi4xkBVehZB3YHuPyYPDvPCB6UJH","11848976619"
"9hDhCXV7NysjSSLaAH6A88ZvSQY8ERJ28giNuo7QWNFn","4749368"
"78nDWwNhvPX195cp45roWuwRhLfd4cxwtYd4saWYsRFC","4666240"
"4hERuCn7y3TyEMX4vpXiR1Pa9xcRQNoZWuS5Gut7nSyL","3290"
"6VvRjZqaTryuRcWUMgmE6xtGtY3ugUVxMRGJpDwd3TME","15454841"
"62pAn4zDd6ChY7M7oUzQa88qbCFhv9sA4Tic5NrSP2dR","26281870"
"9Jgt8upBa7RzFD9BC81DMW6LCwc5NV7QXCVnZxmZJHx2","1028182612"
"3a3mv6AFu3HFZ59QTP58xPfNFKgLDkiEC8UnTi84QkS4","103083236"
"D4avhNBLQGMmUaGhRq5k1YKUVbTYv2JhYqmRLcbDSWWR","4765171"
"F3pcFzzXnxRoc2XAdu26jx3PxtjcTRpA9eCR8g3NnQq9","4570760"
"7gTBY9xLDobkv4uYWHNoaeLUHVABUDpLyXCpi3V2tFXP","4666927"
"6gvX9H2truF5JjMsCVRBqSydnJHoGGPuma7ug2f86eJi","2773"
"33eUmLzU4WS6MssaNdAA9GVHoE867VVWqiBgUvbG3YjY","4842689"
"CXBWHr5SXH2Puq3RYTjL8V8786Ejjcz4umfbtNew28a4","4564347"
"2Q5va7WFDhsPn131PpNib7n8SGRzohrSKZhLp7Gfdmaj","4665224"
"5ijpJSNxiNuP5cVVy9tyqQZCB7oKm1GZ7bAYTVLmtvb5","19039994"
"CPYcBRZkvztqb4Jj4ccRuA4A9xwxoLBhg86czLAbwakg","65559470"
"9TZ8j2hdvd9t9b5GvKQemjaazJdAuuT6ynSySoR5QefM","76893270"
"FieFvcZouLTroSs3pLCXyhRUN6hNALLSVTvDe7tKKbM7","4571734"
"AfrhPbLQNYFXxesLxf2rPN8nteA7saQG1fBkQjPcEkcB","14283733"
"89Rs4SdBWfFqf1t9tvGKWdcFcRnRHEAn8NCQnqPPSqfS","93373997"
"2Z8aCWbfcGWHrdf5A5oFfsEKywKhrvyxtjd6uVbS3zdT","4596997"
"85uuKox1MQNPS1QNJASfH8DtapcSodmyTJ2VaNyeUYHk","4609629"
"7LzdsySyDvzLKxVKjKY1RMnpD4GHWYfFrtEkzmQxKqJZ","13980318"
"344J29wz2qJUvuddFFbzqdS7iWDV8hAqSm8aXFvNZS1r","4669261"
"Gy35hDtk1AJdUZT8JaPNC11Wf4gZz7aSqq24QWiJjUBP","4537143"
"8dR9f2yKG3bu9q2gFMwxamLfPzMkzfNT9XMXGVpMv5dn","14326585"
"GU8TnEJt1WfC4Wz431p28NTKhq5jzXAt7onfnekimKZe","4632950"
"CcxUPA7MfapKhEpvuHmAujYbk8CXzWxJeYEYJEKNHMkB","338675813"
"6uRTq9X7tsYbfjbHyuqv7UZqUnkFvUnqq6crFfaDSYtt","5311350895"
"BfkhrtnAWfWZhEo3PhCrtjwvcoYasZtYYRUDBBKjYiGb","4615424"
"3csbBknjPPQF7oakCRHGSzrf8WRMo4bzPTMELYXNaCk2","655"
"21ibJn24vRfF161MvGqtWKu3h9DU51PJ8qFnU22qfz5U","4559067"
"3i3AJKfi2T5dKP4HDWjKC8o4qHnAVrmz4YvjudpfYGoe","4860070"
"9LTJU26ra4f75EGtMswyYE56L6h1zGW4MUeFBAN5Wehv","16454800"
"46VnPB3DnBAm3WCGjG9igKWLJs9cJQqc4Y519hfo7tTn","4556187"
"4CDA9usGgxooqK1NfXviRZnE3TononzFi2rBnpE6nSFu","4622251"
"9zFebeRuWkc3894fmUmnvLVsnE7qn7qJvg6gVYMG1wQq","50534047"
"FaL68eN3nxKE1MWme7QSpQg12X8nzQ5ZGzzF7ckG4p92","4508577"
"EEmQrfq8R4gBALZHoru7F6CKba8qkMqQz3cntHswcjvJ","4492513"
"DEDGsJtbbY5zg1g8bpgyyLubrdqjvtgcH9EWi8xSQDTc","7706302941"
"3c8SszNhz4JhQUpUpitsB6uW6YuZKJCE1CFCibVmpF8a","4703355"
"22a8LF57rPdkmhEwxC5ohn6LJdHdVbv6eEZVtxHEw1vL","435870834"
"6C5eczBp7gmtwMo681KrMndaM6PZYf1Qzjj5Fvr5zgKk","13901568"
"7KeP26PE2x6RSw2KaunupZaDNnhaN7hwpv9tUFw2p99N","4591168"
"6eEjhzVSCk1KNy6oXJpmwb2zSN8NfizUzXegRkKPiueT","4507603"
"DNzP3PUXa1cckKGnPzf8jNGRWuGrAsU1sMpVP4SUbCXa","4882910"
"Ds1KzHyMFtU6JJdwetCfEXYHTzjNrEUFP6kJLLXswjBZ","2011877446"
"24ZQ2f9XZUj8SHjXBMZitekC1wmXCRiEgYpGibUSuBiy","4867751"
"B8cjYtXFcUuQRYeDZuKFWHxUZBZ91NAqo8Vbo77z3KH3","1109827235"
"8gU2uEQjmnWiXcaqTv67qm8o7oyTLpLLZjeMpXihCVqK","1068878499"
"GrFaP9wFXdKTC82DG9XcYfBsgxE2MttZxcgv5hCvnU6R","9230462"
"BsyDffy7V8KR6uRpjtbd69f4kkmmAvK4R71xnuccAC41","4653356"
"B4K57hyh6Qr3j9KccLw96M2AHtUAXnkbQMgAZw5uyXxf","4692190"
"9JNT8saR1VC2UkhaCTaqWZqsqV7468rsWfs9aXyL6Q8t","13160"
"5qpm1exXFWrJNShLmtdL1af7QUMHBDEG1j4oLbkhdUSE","102146699"
"DfFDuE9yBiEZx8imM6EYfiL5uKyamCL3azG9vRHPaWt9","4515987"
"7pYdxHEkFRFjDJHP6AGaoVXEFBjXjugz5vhQMZ81Avn3","36568472"
"8vzbAggu82k7BQQS4pNN53R1U56cv5gEjRKthZqQoith","56130981"
"6W4xjGGe39VACqJCEatLCfZiKiBRuf1UZPLRmHe58ZjN","4736793"
"sepV5aSnjHea6kVSTQE7p2RyCLCeXh11WnqxXXDfvV3","13913653"
"2jYNupQjr96e682XFYohRtvumVt8Y562dTMoxEwWTn6y","4761520"
"FD4fVV8fQwPQ4U24xAHo6e1iPWQqCDXK7qzwzgCgthMG","4635450"
"4NReJD3YLXRybjF9gakuMfTuSvR3xhAMsLRD14GicUdy","4003"
"3GnvQ7nQnKUxjhVghAm4WeagUztzD2fCpbN8hfkw1wDG","49539745"
"Gjm2UrVNV3b2rXaTKz661ZiKGNhjQp9y3URHUBgZGqEp","10091143631"
"AGBB7wuTSLC6NcLXHwmxdokWzSXxb2RhUteKBYWfdyVn","1125734380"
"5Ghj46vwoQfKUXfWXJ5kpSoVyZkGm5Qq8rUuhasQSANi","4756166"
"3ne6Bt4avH2yUR89pVyCkfkroy5Kx84p5UWC4t88c1Ku","9627980"
"7hfDDL6vbgBeeJ1kHYnaRehcstxkzv7J3rzyfBA2pcCN","4701363"
"AhdidZgBnwk1hXFQSNRXFyy1hAJ4GFuKEZe9vmYV54xZ","26893275"
"9JipXtoAV7iHR4djmjeM6zDey8S6PQX5VJ57G85DWreo","522346143"
"FdTHxc2s2q5cdQXxkwgRKWWB38djtgEpUB5RNKsWGma4","4776276"
"DAcnffsWz5NaP5gXVBqGGHGWXJo92din19qptkGUgRTX","5300451819"
"uAJC6nH75xQPe72uohuSSEomfhYzyvkzUQjXrqXqvDH","58820652"
"BCL7TdX6d43BL21pV3bBr1irTDWppD8BJ2q8W1jjMS8y","287573298"
"3xVburyFQYa5kdbokn99fYBsziSftBVLNaiuaTjinPEp","335409031"
"6GFbhpTwiaNmoys3B27irbzf6bNc3C4Re8Gr6fBAHGhc","96739033"
"FMFFum4CsGZVXyMDuvnRNsxsDjFFVGFweuNx1bUMTaFB","6581041"
"qdaE9WK7Kso8xQVnsMWdcCBHBPUXcBLLAXKD8KLzqSR","175547245"
"FgwDReeTVUjYhvq4iui2or2KxMxnuDMwaTFw5xvgEDYy","13922216"
"8QUHLrVHpaG7hzgWVGJAaBfJS4PKEu9Z3bkWkA3xwwA4","93875505"
"2KKPwMzM2XmmawSrEwDKwr7Ln9bZ91CC8cYDFvZNGqZh","765235120"
"ApWe3CUjogYwexFG7uJAXgDe4e37gx2nBYnEm9NTzNDJ","166202259"
"FEfaFtuUHAR8eFtSCJSG8vsb7nNFwC1reQ1QXZcYHFAd","4567848"
"G82n5wdKx431zSyeKoznxb2ZzxY8S4ZMhZmFsH4bV9xc","1021367456"
"EWjkUFgyg4w6H7wf7dsyLaQMsVuivEqAp4cLXoGsWP9u","2445086522"
"GBaqAfYBFVeMZDXbbtZQrki8qLkRS6UT3ueR5txeSQr8","14060243"
"Q5qTgdeb5KYjh2RaYhh2Lphxy3HuUBrTSu7hmixJ3VF","100698454"
"Fj8aACJFhbUi51TSJa4pBBey1q2wZV1BwnpDKzzncW9x","372305264"
"2e4JeUW6uxUp59iAXaMHgzwCHcUwf8HK2YKrcBBu5Eur","95752322"
"FKN3TLnedAJar5qjrdcyv2kMqF1AGdfUMWwkUDiu2qPg","41134659"
"7g8QLhU6x5immoZniB6GGCatNnj48WqEPJq8f5imKfec","9204056"
"51X7LwhomLFutqekCRsNqQKmsswshzZHBRjRSxwDNM7","4542012"
"2CZnJucHpDy7utuNivyecknm5EfuUAmmztyKcHKGBxUT","2819875873"
"Bkykx4p5sTEKUr2Ykbb5ABevL5M3FdSdGeN55VBz9Tt3","10110372"
"99ij79VcuuLV8WQsH7FPrdXe4BPJdutkXVjK6jGVnHeo","35380326"
"F4TN8hFneY9vWXE2dYcAXZ4L2AvpCNipiSJ9SmaDKCoQ","6579917"
"CDUtU3voF8ckWyVncxZ2rnrb7tokts81hfA6euF8pn56","56727451"
"Awn2xH1r5RvuAjMv7XqfG3EdetM1ccagHM7p6jUaZ4Rg","7244122027"
"A3C3Gp11mrBGfaB2qFfHQ9ShszMJz7jFYfcp2CLMQQ3U","10247"
"9dgkrLKTAtF2vjDdMxpb7hwV9yVWMNsLNM7CRPTuCaqh","2989"
"VRxPBVgyiv1s9hBwBQfYN3o96tQGJ9Gva85NK6Yk372","4691765"
"9ctjSh9wyphfhAqaikHEr1hejzRyuNqwyYPEo9iTH3VC","51488371"
"H4fDTwViXu3NzzuzhdYPtuHTsvY9TLB27bYUpXThboUw","4685425"
"7arMxEEGSE2p6TZ748Eo9GyzKRymXM4Cs38gPgxJHWGm","4526672"
"3yA9esWyVBLyh5Cwi95uQkFszU6A9J9vkvCfYML727xJ","788997009"
"3ULqAwhgHMaeYCGxYCzzHz7tiHRTXSe3LXpZ5mUvfzRu","4506621"
"CJRLFzhAE7ehNFVED2Tkn1z6y3HkbW3RMv1CeyvFFb5E","804879942"
"D9MQaj2aNNoCPKttLDS5sxAS74saAGqAgj7oJaZqdZDi","920030643"
"Derc3gMC6cpgLgsz3eYHpSLMZ9YPzTLX65o5NoUdJn5D","4711642"
"J1JsgkUmZaqYtSMLQ3KBR1jewePnfXVNckQHqWaVuYzE","4654291"
"FUgHS6zkepzA1YE7YcSBUHJH7mhHLuFWSEirCFsrwcSa","5581547"
"3p5JjdEmMkp8cAiLrqBkAUvhKLAh3YyUjBQ6B4HKXhXc","49295367"
"9MV13thyH9kqwFLaawavFEMiWi7UWvvacHLyoBtJwjBc","4793849"
"4z3Tcy9LEvYZYHhRDUoLypp5QmAwscBXD492VP8KDDzt","299921410"
"8aGdNtTigDdXysmpiaLdej68dcFWcjpza1CW6ir4kWYN","13727751"
"GENTNynPjEY5LXbVoym7TsLMbNMVj6ehSSv4TFWB8mEX","4547737"
"6BphC6hVT9M35WaexozJvr6GUCdPbjh6H77tPXqQJxCz","17601293"
"9FVEGyiJYiyXpL1YNTEgyScwjaMALnPkzfoe48XzVBNe","1961833046"
"6BKtV5vYcoVMqLvrAVSjYutKonzqzhepiSuAxzT6bMcg","926205961"
"C5u5Bhu4xXxA3WGZR98ZKqrJHQgeuh6Xp2sRTPtz3xtx","9249443"
"Fptz2gDV1ge51DVpqwzBcZr3bTj4HsS3DY5mC7zPKqkJ","92029331"
"B9r7umqjEfmXyF6ACK88uEoPvSSwBCLSeN4LAhmAvrMS","14436503"
"3SXPXeD1cCEs19q133kTVDYWEg3HgeJm8RgA2LDKn7AS","16381239"
"HVKSjiUWjpcK5vaq3c1YvUNN3PBX5NT2HqDAEERG5S2G","4841444"
"55WF5w8jYfogWo6zCjZspBXwt42stEnvxuHphQYydc1r","957701697"
"2iUXcsCLaQi8TKuY5X5sWJcJQ1b6TRsRhDy7SZGE9scB","4763880"
"3wCYzvp2Ud7gKEmgZYD1MRnte8yPUAYK6xDCJ7XwjaCs","4515015"
"Ea2kxdJVMPBrx3mrSA3fVYrSVCJLVyks7Loh1UurFQ6F","726029511"
"AQfsuqAy6id7AYk2ydaQmiEnTZ9ma3EDsVPR7Ty8qzTh","4539668"
"2hhvFVySMujvLUdbMjUwDEopbGoUML3RsaRVdKE7jD1B","4654291"
"Am6KsdBiDHuD1LNjvmiKzZ5ruccrqQe1vGZxdf5KEmzH","46761124"
"DDofXxYq43AFXZQMWyK2HB24gU61R75wcnk7QnpC7ZgK","4332448276"
"7f4hxBSyitjsmXSs3eU2BG53g7epXubkw3H7im4ubw6D","112286702"
"DNkbWLBhdsA8VVcAPog5xBBcdrXhEeBXhFz6D2q3xHkW","4561045"
"EDRH3BCSVhnyXKYfMk2HnrhyjPMzHcoz97nmwA2CX2XM","5233483"
"sMqqqzSS2Sh28anTtJMjbtw6Acfhy4Nkd6XF9JMTxaG","28532939"
"Fqb3mRwGaDvWRKPakXNJdKBUyEeXtsRALj8aCHEzizHV","9556000"
"8fJ1uyaomiuvaKEx4bTqC6uWy3dzGq2GX9G4jSoTgzb","4803458"
"7ieuCGPyszSdz283bVPi6XV3zgQWzrSkYnhVLHWbSwND","4690267"
"43hnVhiftNkkgkr9ty7tTJiRzjpbBq9HxHeYCiorTzUQ","4657231"
"6pz9nTnYRvZz6J2X8BZyYge6tp5kouXkfMbLXgX9cxVV","1231010172"
"CkxTpq6tb9jaHuMq6k4rsqixLKbQf858We66r9JDQ14","613118609"
"5EYDypRHrJ5yBF4UfetEoBUFfoKt3nUEiGrQftMkbfBg","74898889"
"EbxrP1WJWsXfqfvYDNTQAbdqwr6Np2AqZCAWz3Hmg2Q1","4686381"
"5BZtf45wdfu3nm4t7ZBRKPEFYiSRT4de9pTrXY3U4hJs","133410868"
"9mZWUVzvcQgJtPofVompdW9Kf5nrfHFLpN9698s3D1J5","4552301"
"CM8XejdEH6RHycJKGxGhnKtscekzpqifeKvcPypSs9Hk","4878057"
"7aKufK346f7AmGCheDPJvjjumuTSxKJhGsMX1TTF3qtG","4675541"
"Dc9ogvsvNWbj5SqzUimbm1igazm9tsZZJDNeRNiA7F97","3249475475"
"5Q3cM3q1AaBKKgSn2WgoP8dd9mKBsEo8fFQQQgs2YVYB","4641296"
"GkwFPTTAzKKiwAtFUGLuusVqjbhA69BVupRmLaCz4TaX","93159501"
"6VwTUg9nptkpwDTxJNsw6GGtnpH26xzWPguX7c6dS9bi","9276996"
"DuEsDAfa7bRhBft7rCNwMvx2dZ9CcSSXobX4u8CYtf3K","680533423"
"BJ9fgnAm7GRS66X1jvoo6Sbk1tNmFaF4zghMUq2MR3bV","2907459084"
"EmtwRmMobjcr33ghtXj6uxkFkURaxJ6dC9kdDez4w4Cs","4655029"
"8qfeMnYeaxBCE1HpiHBWReFK4mXempaGpqnUFAVtEyYQ","4518677"
"Cby2dutHLgHSuyfm9kAWo5EiuLPZZyzE4cJDKnXKo7C6","4354436917"
"Efg6mBA8jSY6WMvoaC35xL8RW3rm96sN3hpYvrT1hJo3","4770248"
"3oiaSAy7YztcZkuZKMFn4KWgS7GqvxPQXaWrCjpj3TTa","4612538"
"EpYDXjwTnPBGqCUS6Um4R5yLkbCknLD5c1N3VuSbsmtg","157310543"
"TSPW2M5gy7BfQWb7PkyZp8hWfx4uqaMNp9ix2SiHMvG","4806293"
"6UtxU16cJwmcKR2Fs9A89xkzTKYL6b38xP6P7Dtv9hg7","4593076"
"5mh24HQth4UJjhAY9xS8iKrGcYTPjyqBEY9BpJjhxZTz","4788389"
"DxFM26VuU3CWYKd5t6SySkRPAjdfVFAaZALBCmPeU2Eq","335165227"
"HqSvDDtvoWJp3AHsPQL74MSkY8rj8SHsEgXPEUCwCiYE","4563579"
"DbWNqo5J2BxkGMXymTVAdMxnntK2ZveLrZmTvssJCp5x","4807573"
"FUwRgKQyytqUcTkMyyANKnn6LdV1XGJ5Gc5bUCUTGq2h","956262225"
"5RsK5wPaL66pPNmadnDsrSYS7nZsQNmwLhXwQJXEvKvx","4530924"
"5SzQXNVHjYAPBFeLRJdjpjVGWr28WSRDtBgMoR6WpjsX","4705396"
"DXoD46bcFphf4DR43xfcvCryYVKdv5bXo5aDmj3HSZ8d","1462886614"
"6YstLYjhTJmJUBraTmWrcPDXDhRaqAFRSDxLEWu7uGD5","4571724"
"3Ley2YLEM2VeKjygRq9YJGPLD6hKeowUwrogCG2CTNHk","4670271"
"Eua7ojxL2eG2n6Ymc9BRZ6rEbUK1cPFM77z9YGHkzUyf","1945952983"
"2WjWL92gUZzmb8giYckRNif2tGtmM6a34sb1kMzkHTp2","4876853"
"AhnaMv2v4BqKksiWQ1Kd1E1NdsqNACX7nEisFSrhmA8A","4489125"
"3BNqAKFvbmde1SERHkNtVJtG65Ljm9tPyuCpe8hVmscZ","8485153568"
"B7YYaFFGCSVoKTQbAJ7UXjfG4bxC2HeBM9xNAb3CjYxN","4506621"
"FX2bhFo9ykqRDCXcgyXjNkL7Y7N8qRKsWoHq5YpQXLiA","223681792"
"Cz5gsVm8YoDEq42EL15cPoLbNEzQtXPVMZtx49Bhi9mP","4724719"
"GHr1QvKMPNTCsWnZc6Y9gKWwyvc1Z8YbVBfqLRnf5AB","4558517"
"3KMHTeBEzXYnEaTo2YxtbSsAzknjHjDdKcSqrSsfL8uB","132269667"
"5P22VxsUo9Z5Pcga8qzSG2H31F83UoCjgR8jb6rWJtLC","5634366"
"8Hq2X36RFSVtxZRbpBdF22dVsHvJ5tXfpHEDSfz6byG7","3421039248"
"T3oGWSTy5Lius8bXzW8rxEmbz1j4X3DoCPEJ6qbCytN","4513896524"
"6U8PQtR3sefioJuvmMZtV9hL7bmxaRojxmsJ2meVkFtR","18446389"
"TivBWQKsRi62c5w5mXXYQ4Q6tGzKCiCMKxJRhVVRVqW","2415129"
"Ggb3yUdatTuTYcmUaRY5kJt4sz8vKRjjJpuXGCpgcTMt","4565905"
"Agz37A7faowQVb6oA1nMwBUP7cYTvpGPJqVGQejtLAcz","28443151"
"Hh9GH1bobdxgW7aQwwZ5kypXasuY9SRX7p6UdaPtaa36","4799198"
"7x3UkZkS6nSBdZCfYnSBavGLvfcWQoEMPMXxankQGhVk","5195003866"
"HkPzk4fNiC4UWBkHdVKr1FAqBFJf1WqwtTcT51PMoYAJ","64805941"
"GmK1BH7SyTbJwY3Vzf4ECNmvghBvV5Nws4xw3anKHh5E","71171454"
"5Hx7Y5JF5bLFM3oeZYPUfvSPHtBs5P8zaXJJLsa4e4fd","18679342"
"7RnbvQxydeZgZPeFvXznR9VzDeAQDwUR2aWug1Xbz2dx","100764"
"DYeS46h5xDJoP4xrv75DeNqbhHXLUEo98DYCUksuQJMZ","4722455"
"3z6XUaHftPMmdrMiiv9Bzc5roDqTnqaVcaYhV4gVaKJo","196032501"
"GjzGB2RPc7SVknBY5qo2z8sRJMnyaU4xhfzzeTERSJdt","14242681"
"GWmWM6qveKFz8DgQp4vZUj4fPrV1hEKzj3g1HhcxjCb4","65438476"
"DtrtcNEXyBqfPYj3NGL23xjT9QE4QoTXqUzJLEKvhdfQ","736386377"
"3R3VruWCWvn9S2KMauVhQPf3pzrdS537juLbBT4CmmEZ","329638343"
"FxbD35FqF6NEf3fNXZDA5V7DKMZQhEnWHp5GDamcR9g9","2265747442"
"7X523wHBQvxcZw9ixHhSYf1fCCCF2dmpFoZ5nzRrQs75","16481320"
"2pjirN1kA8vCmRMgVHKiDodkDZ3YH76bGMeFfbxkaMUs","631211272"
"BJBB3YNCcTf2YmTB51tVrw9m5EPWvP28z3DDUafXtPhj","108361782"
"DsBgWnCydsC6BRKTbz65h1N5R6Hds2KX7nxDJAU9JWdc","406772615"
"BAh3ZpEikCKzC3ps16k797Xc6QcbCgWbV1L3bFfDKSa7","93276954"
"Ck4sUv1GP9KyH4qyhkBvxhKPaxER4kqAcAv8pH9Aidfp","14129694"
"FvTW5VJ8FEr9AAhCCxjDymWhN7G6rHuyMQvLWzU3XeTj","4651780"
"Hmh8Qb9a6DWJBBqcuWJpZp18DndjVgW22dCYK2ydrb8Y","13960659"
"6VeDaoLC6SD7F2JpDp79hCjP6vUmiHoUeiLaYLr91bpM","4531307"
"4UE5UKSNsq5zALQ992HVZC4UPnw4EUPGBpjNTZRgSwCW","4709101"
"BehveqDzFoHy2b4RMAAUmW9chACMEzwrt8gYFKcraZq1","6580525"
"HLsjaU9asW53ZQjYmZQPjD7fxBULGGLT6aHewzpdct83","4709645"
"HgUjNXXyoGiwWddXiWrUduVYXv1JEXNeTQAGxmqqYfKs","138967060"
"FKA3WXv4tpgmSxfDW37AK82R3Xbc3yC1LK4ECBUcRCiR","16530491"
"Fwoc6BTqprFMHZQ21qmfozTtHyPtGHo144imuQLPoBaU","4490093"
"6R5QHhKhnM5r7ihyUdpTHJECUKLXd5CAHn8AWRMVrYyV","4694154"
"CFsxktRnThmu2smjeR6hgfGfWZW3ibGUWN1XjEJi3sCc","4766571"
"5Ntbv6A27psHo4y9VinhFwTyf41m1SGGwUojLmcf7AdN","4843468"
"Fami6MT4Xv7BpvuudCYP29BKmDxB8zeJzc7pJxEcGfAR","2080495812"
"2cuwDTkLG5hLHV8pTdan876dTfcycrWewsXrGYKBE3Hv","4532863"
"5iKS5j5gU8gndQaMpe87eBJYfemssnM4MwuubWaFQvmx","4637410"
"5C9e446f6SoYVdCZdUjxXhzMkDocfRKcqnVhvcx2zRbc","4560073"
"1XtC1pjbsZqK17CSqXNe3hYHQ6mcdxNnCLKpTPwvnen","93828138"
"9D7ZGFPiHsxprsCdi8xWLyS5sb2MgNhn6j1EHsjHFKqd","10086790"
"55XZsd4i8e76QQPYveqErh7JHR9BTpt2JLNowCr6e3uY","4812606"
"6wUeu12f4k5HuuXUsfMfYdChuXsqNgJFDH2eLMg6NPHz","4671806"
"2aTa5xrBSS1hgqo8yEjkYoGWykuLioSMpyTC6c4MRraq","448522853"
"AuwenPz592xVLh419pLcNth7Ykb6pp5ufLcCTAgoZHFs","89722363"
"21NFRKPimGbRHMP9FzFB6i3PATNqxxWmHZMAQW565gmp","9377943"
"9xXE8Tq3MpmUBTfXKugvZLfTXz1ST4bLJ3ENtBKqDvt9","49780620"
